4871829233334919348484669597613895199311111135245415891554639376958321737751163357746987563653788262572685537986991369886158566935311347948351737591711257577425998495524311993949639931763792875215151655
6461781697811375455437748749794884141111111112562857411111111111151684819629993528868675549682515411111139684119842633733171449969111111111112921258445911111111781942448638171451839167448411111111111762
4773111111111869786591111111765867711113494311357792251112111111111225919111111892363284563145952113943111484881111116533897997111183144118769183661311172251711176548111113621711111577311111125993115478
4211111111111118646551119988152213111464829998714463793411113831411124968121111192218861966793487133762146286571513414584817491184187755644356287736114575362791181911182165715318911157245117872691349674
3511192622979411122356118266488746111171382377581787156235113653621192695121867119226291884669273162391998661418742513889378411926178682311115453221233397363571111111349259734411118544981211639462592648
8911618424668598117991241118478168186111596156749949937528741157121164451111262193538691984839743117663728178354495115366343415518831111961223785113439976899711612111885474887545359886615521118555494167
8611136355311115251565127462761315321358122571147544863986558278241144643311168788933617826111559211899714872997128611828283911111111735211113612814891111113118288151111111841211523988459617834588172316
5931111111111111168288919213739178227852621251478111111111685438911976927511119471831116765174488283118431192448928211226211831111871111117111532315139932971111591926528833691127965976882611187435739383
9941111111184481626619298841111111129542344162111111111111112277461354961841211299811694631144757634116949872111172651479161584624946541182512144312158662283572617552531161111111122315858111131112475776
7344759539356434527294625611222222111658258411111156375981115392443291111111111111119411672139373861758412451122152572111853189361163811556594256242659111524474965899571116489731673731311763313461183587
2756994399378131113768434112111111111125386111157831339433893827231111112216552611316567966211941277672279111222156376915582634111112211269122174779311161146442672832111441648867514591139964396113196796
9379634294466111111118854212136838271131551115269972339299924495111111612219567218783111666172674188935311111232115532416736611122115319871185823986217125417561915211217429662297934211864337292438113535
2413911652277112741271133311118882377185652111961218611111762697111619112212881322511121829946279659111111611232178338489311112222113415827677128932818476263873216721337561383745277115919184512312116223
6339111112355111982263953625111161228164853211111111116278817199116322912117649321112221612445111111111169711222111111111111112332149111667971587842111251223463118462111168489235518315668118137921111121
5891111111153511421612899262881111399424812933421521584949687828186445111192288111222321269911111171253163112111111111111953912322138119858169652188978111888825196783846557515423125117757112157196124794
6681161933112974652882447998282679319171117396656321111111686617172724111362211122233321931111169816736951111194487825312791112221134211116315829141638121111111155167791629847154371618672311341711489221
4411148264611637529441911116265857331433348183793111111111111134144841119451112223333221111221111111171111113716211113925211222211371681239225311122217185388311794374475142114339717714746451116111341434
9511329914692151918629111211116387411111111164161111855751121951113911744911222322222211111111111122111221717211611866741112232119779722566711112125461222328477456623121116551111875481421666711184953963
1211714827358511866691121111114537112111112115861218251764111242438685751112222221111115696469991111111121111177375689111112332191437196292111222141411111111116871582111582736811859391897856237949927153
8111194381955119766686121889111428121182111213321111647688511296377827111122211111434173279953666976377111112111127242956912222111111111111122222161711653511111159531764175331111999668318493335848943926
6361169851111428169686111114515387121687651217253111128863242351957211122211118234483426695686835223546211411112111181311111111111112211111223221153711581451211156671791731997265544493924323316944829923
3211118111146466282737711194837621111175941117244711111686526863321112221118137489166111111111111111158947612211122111111111434625311119661232211495571568359171593492515118731327314786232169111111112558
1753111118719315527325425111518788712131688186767975662111119131711222111778393711111129657277211411111115672568112222176558717468311482411232117892231158177241513998577765111158863835647891178832741853
1511791685131611111114261756111861711112123312182515946873881931112221177124769113959644568582719723878111111518511122114891521111181212112222149253648549373121583477171111111882531531442914292137361972
6593248121165111111111162552958782371411169486411111111161884911222211188783981343633799698111193927891788113962555112211325376895758311122211133817874514964921792441111445542272982566156515829589111391
1283725294291111838851197834289163266646837463111111111116229512222113662753912833734781111111324192311111161437493711221119126731111112221112752536751959343613656911122984941982568571497213418697959557
5982262167641114944299171946111111111466161481121827911216968112221194344696226993243111221199598511124846481679941171122211178111111222111268731841112822428416643486118311111962711111894226476559657652
1638411781929111947766877611111181111111152642121882261117321122211837973287316866641122221185424185724376841111119765112221435648971111177657861311251191416725693142111111156578172845115483592272377564
1391518848415511114593617415115833568111127143121133571172461223213965111253115828311223321145215915271672941131311954911221119314439114912683658981959511116546898348494259637971528943111926693414591676
4798158937221185211117667574111186369541118177112125511184511233216366111171426273412233322117463282511966711591727349461222211191312211489335932611667281153916286311111864812116263159116648648111111125
4894132395859411276752843138811115545353415879911117411998212233213414941548711916812233332211111111111856211423358116791123222111111111114119785768194574143178471128761116121511321131135719431886961195
5211188381118233462568119587744711111121852648431168611956312333216472933876896732211223333222222222221425511571117961285123332222222222211111186226318116116538111599955111128491979336669172215975611147
6521149381213531731111115317557133469266866346414595711655512333218811118714892224951122223333333222111111111877961134656123322222222211111569515179196199111351118429418211186984788855897373471199111159
8981186251215996811118817846173995541611119597965755541982912222211111111111366124558111122222222211111112215498174111359123321111111114848851564976937197816856343121136111473443762575169631137457691552
5311193641111994111476571611835861111111211111159456641492412211117345845311119283398461111221111111817312211145558711287123321639777433675216471926115384117653123623111141941261491111111892283279524283
3561129511126111119782462144861111222222222222111187265961712119868513756799111176843693411111871527341112221811573211418123321121428367111111111184511836154152398256675385284111111894711118138565715946
8611113111269716111856111762711222222111111122222111343215311151911171418525641111933813236231186111184812221192292311526123322152885533611649569111132111145335331968347713812117588451897116232742718789
5453211115679459911111126616112222111177145111122221115411113721111517417238813811112578597875561153127711111984845511831123332111215146667156218415728596562392111111116476321199886835291119761111137323
3615444934219671252459791641122221114174734246111122211112211111117828112998286456111111933232271696111111811887153111288123432221119193465464853111123573754111111355411177421886288911111299941132111292
9597698796116135838587177451223211892511111127413111122222215395944886118711128667131111111111111111111114211496961124742123433322114313311856111145666355473188422375571118721522731111286461741932381112
1939352291111311218531892911233217154116962578956933111122211958364838119266486419124371221111111111162441117223511168531123332222211691524651118554796476557126427984111197511476859685467948816445611193
4646727661119811483596372211223219252322981977938813641111111111594117613513712958185111211924518698362351113316115995411222222111111118877817114482911182663114414211134258592195443111111441756295711411
8923475611652811272812485391122211484711111111191373155425613193911718888496963121111121111551952673839511113661175449912232111168524817612329551111112111276211584116947235335715611117411113953416756353
9175334311511111918168533947112221135421122222111143392454355971165552379342111111221111971939759998959791181411115378112332169916211911111111115634122221113718181477976917368915511213815111597957535516
6422171811112117731151311337311222117671111122222111175435413631777473111111122222111914455564921853281631189317534519122332153698299111182931139372123322211191511199871111111122419113561136755285279989
4563216487111175891119761832911112211133837111122222111111111111111111122222222332148838944291111178855991926931246211123332166617721119216211357481123333222119122815111111111113711216434841841211126769
5713211176567339951986111611722611111111158721111112222222222222222221111111112232111111111111117316351411593366289112223432111852215172998115565911223333332211178821115956392118771115981717751113111591
5111751181389138491211511279615571971111111879869211111111222111111111817547311222222222221111744354111165691139848122333332221171652664631177952112222222333221149211928954231111544371111331111163481197
9155471158539681211157111139141716489585776868217526686811111156255369538438791123333222111511683211118511168318211122222222221693161372112899451122221112343322115211833658111118725462427426413263351159
5752371113394189151111113151111111262211958758212729741376755211111111539291811123322211172763961115393511121457112211111111111153917811182546111222211812333332218511263481122388674111117529262613311617
4112528119946111834111147331111111166396211111115919299648127956799711459654671122221118947227111982511142732311122114759229191533621154471478112222112512222223212471613616868211111111111158967466486726
8412431111586891183357254411121471114575211111111529885244844495152119928311111222111688341711188441117724467112211131476599667877879474682811122211166112111123211559519872927111113724741762275376672378
2111447111857728115665788115231811198764111538211867172611113867231177611111222111169346781113586116561176871122112613428311111185782276431112222111527611139123221132536293161111348845153883497731558119
9621157113931119118517252175871212155176861698211156231116867994111816111222211147591942958415511225311913111211166421693117111483684261111222211154141111329123321257866531561118377385864845951111187445
7839211193912118112259751625152311132361495121243858111874271911125511122221119786181112448948115531111161122116845911311112937892261111222221117249961115863123321515516811136111186958747965311131111465
8666122418396211116478911441295111728111111237599347115969681128691112222111274973489111114931612115969111221123476753636825417111111222221111344112991116321123321295878112198991111111126245118197721117
2456235641928881558366261297961125495111111193869711123681116493111222211153488347361512217291111643511122221929946114114111111122222221111998521688511182961123321615511122111682583615594366112881181125
4561691416852119469277883939458293271182811197744561153111857871122221112821555336737112119922548315112222221111111111111122222222211111974459111377111151361223321461112222216365933323693344157735941137
9919771146941973738944126312989816731439412116264119111913979311222211185866111479396121158549737511111111222222222222222222211111111327243331138731111969581233321111222333211963211111113214416541481181
9211911935141319916333362221313319111182212112626814119758871112221112594818729881111111468387111111253161222222222211111111112782245753911113568111117243911234322222222223221119111794391972855637111158
6876251998143145712216151111111336925653111186549213358548211222211335731163644174121117339611114768815111221111111117785863121255954681224926611111113618112234333222111123321139117639971195453844389629
4449741116129199411695155915231159589471211756178731423116112222114553117416619121111336961111193243111111111531357896882933111111111174931296111118348811122333322211174123322137111199153845641138887178
1174911141129111721195457839621145195754911947161911142821122221177171194189141511178178811148336111111114354235233143791111111111111111233111113326441112223322221111276123332128116113443735232239763749
9817271168117717391124568924711115727683656721166567169811222211738511867811683114381671111136441121111232348974293111785588119219912218351114411186111222333221111949898123432141311171936822656311119577
2441311226113417346111735631111587338155425811413346183612232111679112151118171183875511119967111111413476711351125111127259453116212112426536828371111112332211826931492123432142349935383547361217111249
1245115294111112293877111111281634193318519811558431123112322113461144911111111122265711173811121182912118411152111189992913674958111166335482423111119512322113316221184123432183497148916713354137951815
8245792697411162593992694513576971127411519211554841396122321184911935111766511151179111384711211888991154817811115214312943375711119344937323571116839112221168119821125123432178437971111121691111781698
5394694757548922931594212132368411113121174411922918993123321837118684111299465278592111414112218626317711111381112899366281111111936346955863111132341122211165115621188123332141651116243771112212294348
3666189123813595115382111594444111246111392641111111841123321322298362119348714811331116569122112264119311126211148316611111111117926734144511111292811222115595411311144123322134711375365871164312653257
1771389417652344471425948411149611627111522516893896481223321869121766113874922117511211131122173651191261335111247142647764211167326696611111257483112221159388611181441123321187117189677111356356574652
3811938113341734661141911571457451111176117852849387881233321949578266111251171199311211431222193871837671984313372411939632461119111111111193999811122211868943512111811223221216111648431112639292217442
7361341112438245629111148211442717668384882119883667841234321338111117411163111167691217421122158871167171958815721371717898611111111111314824136112222113346157111111891233211916617975119673154111111682
2471111145411368181891111118641587649139974138161891231234321317341112629111118687271118397122118831114221162618364245354991111791145827711187461122221166114611189713711232217938911582751474111277211535
2543133447313751192839318994271893954959191141311614561233321411742118345973651171358117611112213653211443196514331111111111184813241111188197111222111524652811598262212232115687471111841411755385111999
1182941938111919146595394241475621267494711135811664221223321882111116968576999118232111557511211496141111137519251111111562761116119793293111122221138991538611129662112322191489877186785119523441873743
1711519781173461182947141992766751114711538115981151751123321751111165211111111112398811141381121194763311476117534826865919687239475921841112222111835214533171115241122221128731116641481131141719969365
2674813511153211662778111871144491111216625711111161115123321142118717711133911511897761114919112116518433238117332448111111778155812876111222211138487736711111126211222211456111111158811875933374698591
6511331993111111165754617512126211143311929672462661224123322186111141814675939128193485111711411111112693127713493111114291115259634111122221118112334698114372446112222117871116565111111322777981263342
4919121554116464645961811827811111843951916787737246811122332114111177791499876192111466231111284122211112357427573433875685166991111122222111696971167118147263311122221163821115338911421111111141551911
4119925333166227114762612745882965773147111116111117744112222211261135531197117326111731114211111123222211111727912151651151111111222222111141511172111531246528111222211811598115655991118141446573111522
3117834623727936128418113964878514611665617748232251113811122221617111214813711336911165285425111122222222221111111111111111222222222111153687631659311671899311122221118691526118177611187712669111541967
6111988411453841198211114124993578111131338738496428112916112221144983943266811127931111126161757111111122222222222222222222222111111194616349111159311115788111222111775955669111519891114135979711451111
7398389157149978111117332674615512991118427774861111111467111222111126117116711111294161116861836384255111111111112221112111111131879838173111111735211257911122222132186823111116611111181573188132891137
6531741249714655811683221128397121191111111111111154377424371122221194111177621111118795119411311116898943837232511111911193328825226842411111118876118291112222211159131111111641669211244831949193621181
2932271512342141221745921159485716176323151137141854861152192112222111122111249761111111118517846481111111111148592441927311111185136411112111577279286111222221112242111655113352412692431971753146781473
6477741136653151117364791149551169599741111559379834814113598711122222222221111248691111138832467616325451221969411111111111872434911112211153872871111122222111153911979891139811614986471541179782511245
4236667111911111225182286111119342318759611686491111115611175752111222333322221111846781427332711111111111111477181611111325531311112211116333681111122222211136369169183968413449287491429874159421149242
3965163711184594179814818818222364211111111157271933431111477454861112222333322221111146686442456191111111746179281577427891111112222215891211111222222221111142111619871181391955111111198976111111146556
5553111525198579551111111657167167123124511911919828173552768815437911112234333322222111111136658868389465664295639211111111222222333211111112222232211111877983411111168176143111117144654491632649146252
4741411333164946311488224111837319512323537887772248662176845468183879311234444333332222222111111111111111111111111112222222233333343222222222333332112396493792739476982412211114913227653133661311111195
1662671343114217951137711223114225946286211761771151178219266492495171171233333333333333332222222222222222222222222222333333333333333333333333333332167183622344638192436511321114553591115927555118821656
2114731135195251118111141791514982411111111111111111111111111111111111111222222222222222222222222222222222222222222222222222222222222222222222222222111111111111111111111116289111111111543511269117921116
3184611192183928181977111117345892945189111111111111111111111111111111111111111111111111111111111111111111111111111111111111111111111111111111111111111111111111111112111276566578258258982515851162772515
8161861572147454315423862417279617126542873416541748597492529112858238643216921917636661825727335374895493816349831495645761486753473572724826363215394538115884113828216174729232561111111113351123716684
2332118276911518153311884981485693348611141898551111111196125611113598218161171111467283752711111344125881922546121243471111182123576732111481794913152111111118799492111111118295711286317511231189672877
4725249834611111121336371117996294454397117858117915111111611122111114885211111111111554341181935111896416515112891485111111111179232111111111162785711111194611382371188551117118114425432631676116253267
4878392339941911162868429791112798654139471581366949661191113381891175687145638691121759411949994517617113865393115171126454111111731186671891113975211116343293334868364712113511117772114111389787111484
3435311292666956466822814121115951117457311511275371111567191111111693333376685511111561518158997148158951711967119231126157466881491397715178118351119714299322233731471687116751611118215914445126369574
7167187951885937661111392111162941112845118271798818153181431111626136699737111111376631628176391788181312117832311967117739184296131533718678261176111593411622115418431265211312191146435965885216166267
7441381761313451446581144824548258681171151581482419319841767933893135283154312765747454496944695911111179651123115651151533581194861398711361951164593111151493925943579139115134628951172113912111115783
8511991164791548187549511115864527516649117655234939921383555663257961453783526595693721276532683118476211178238686946622849683131165899981111186628876818871462811258562226117933388119289596461156411851
7571944389737134791838861419149111111133197686161411111111122531158111111952349133133191111111113132127161287257169259943248694128613111987468811117515115151847159119537115888875185311829415537511611441
2271259972543145516263211435181922233113111125364846531294511259111815721117485616759322176411322818878868125111114342185262771193552198175359326117887115677196945611168178648146925971294121171534611399
9331165821291657561187118631553142343828851123532517354926115346331162671117546267117469581118614944677961435721326289381388262115139184269351111118196711164117417791111148421811818611559128134766116779
4515111111117697465111119777879111111111146355359841111111998496142111111189322674577111111711754239849428213864111111111762916671111186356183952568257868111169755811274928847758411543124484211111122918