99999999999997997310119326991895903954457515440199694261473569485622774177201962279464055492695969359484255530178337878905744067544321494351105948223101164717357847338635089381
99999999999969540992577140414686692677075178098729684727088791640725557465673328817243136984349648923289814411341724528958592407861648396828535336041411566703358998086048635770
99999999999995919999179399134951100801135709183816430231252282174481391179425587002991733877549847274401130870792384715749125711102182178701691958558170001488500414231758666487
89999999999999999999999995977033683495439499579266641861645101402912562797302257239731777938769999976515694467530375068365563592120492481634318254994601385211859299937675115770
29999999999999599999993310142619243088467544430332883105613612522973461630025247739999999280999999995711599999956137795615076692195713261082801656869218880140632493801721448266
63899999999933599999995989665374887659933021242149304532363499800657194371322147529999999999999999999999999999997507269997524822357530595953825438349627956310602723459629843941
79999999999920303499912431952339687628040521832368651051762753505745019599999999999999999999999999999999999999999999999999877140601979587125190183494705709796747904152430961959
04499999950411356827162643808327210813118444606315368535322122443500790559999999999999999999999999999999999999999999999999975287995555200068924870796216912894312461617938758916
61999999923426735995198258694398983351716209130143276219403424631399996999999999999999999997550299994321299999999999999999999497159670551912770686186092181893427994148183579100
59999999942784849747049266828696465451030422103490391333392886999999999999999999996871099999756319999209389999949999999999999999999999633069621334603489307216117818881789547308
99999998278662745455698256352606239228260361976085054685099111786999999999999189999911590056998978076223130969629034999999999999999999963822450974650477085170899622971696157874
99999992749997799936082757662011078000858777325390575175186111747999999999863933842844579531816102767521553488615675999992999999999999904229977987528278385271473039998405931576
99999999999999999542638757014295084344336528189412130087149999999999994999934448075027832229008678980587132653099564599977201499999999999975243563338580864652390646739247185277
99999999999999994796057341430778112178369226166990351803989999999999949735952932211381299330011034829302993480852126149592419499999999999999999916774336577162254340044372023663
99999995619999996607199672466777928998057366144927172032819999999999991896519513817995059056086076496992025630020270525041526999999999999999999953768057332211249437022091133094
99999994114166169745933990790555504175580229551572354746999999999995041945783985800358193254638478810948480065646115011054161249877772999999999924541913854272312463867484537887
99999990128147347931174581351415903839522828924988282999999999999670366898856610999965793246077027586340006465429425272546188623880048499999999966793699255702891989538884940618
99999923234517950792193686786952575633826593457790099999999999997414785783187123315528800810496247106164133398043463835587409087675224699999999993999454261248420801381355109025
99999949908822828994707206819791708118210378501063648999999999695554066119716812615535474147764298723784788701415875992988024749992799999999999999999999963623045537609425990734
99999927612824684796702047749683792239328396191517807999994483253024493418514783047524014921823307083788466599502664157564648903580198999881999999999999993813429474362428291657
99999979994599950490563933158091685240579474111835999999987099445485546586756199782723699951993743152133660835259620064103647177261091969634779999999999993451479149686282351889
99999949999993631910470516790477771866105875923234999999999133784398683722210233957999999999999999998243998294525108821046398595983553221730216999999999955083514744389476077536
99999999999999839978070658402412689536040368957842699999327036764475172603251629999999999999999999999284062756354955841272699113828432354542703999999999690845119806088083700878
99999999999999364361708804968295095124280299425777799994384837239616253895539999999891523419849899999999962797304986973452511603503600812615699999999999833817499482333687091193
99999915899998295857413794439222388735215767517739999999966559575730102949999988514963960975505633939999999944052882072130900061326736425305599999999999999954222138199471558283
99999991105827076932949699401273902919333727512099999999920336678071969779999181805131797106409398793999999992311729373102541952739138793397491981139999999799999837978797082506
99999919652858937990927763297916883726091862474999999999126654850432952999984642183390453299558098474559299999792626362154545246578227104040274938382999999999999967811901341641
99999995569610161165967145927241635446868806502575999999206560657325195999929408830888884126288103709846399899999813006477074101872472419450416271598699999999999926141262756537
99999965265307993381242715482359300387709330884154999999993476738399739999674919888999999999231092430571774049999621394279408226700098116793699523384599999999999589441053949765
99999916992929998339742212674263007330493703003899999999263678584369119992737318888867574199992642689561132999999979596258581681781182405908011892199999999999996643823778212595
99999914999999448555798527294535741468867313409239999999623621805915749991757988888888802536999616860509712394799999191757858295619408573792807905599999999999932878722172815167
99999999999999994887526546660952728546155606839495729999939877803063479998642888888888884420199995715175730946799999339231275437635914877544126513579497899999999999505967210922
99999999999999989665842793211518717672564872389123799999996458559170963999756948888888888548329993329989363136999999897787002139921538179585864135878947539999999499997979701287
99999999279995421494223154173401873046466959030230999999344432868825277499933938888888888508919993481996142862454999895448256543961174879340141103797530589999999899999941559428
99999999974293374999987072082502116101423145098232999999999162038652642599998213343888886800869999082878802939970999995501402122895740171274075273397137667999999999999996791892
99999999923403269516751776389258607339189947338143374039999959717127844862999999999998862641349997547475063322699999995282181239826181495375422133195897217099999999999994817392
99999999948804500697546572723810424930280721832189940899999975772573182109894688888421362905199997101064547496499999982495361846266889130204491993253921499999999999999943643535
49999999995152126998913388797539319194996047575102861899999999977141664729202018717132262841999945545383417519945399991916059508961166624823927503406921999999999999999219129116
79999999995299916997464812014054995535748933419899031362219999946169757082703804002892546499999914978566072068245999999408332081805926139040089797290881499999999999913473729533
22709999999859999999682949448778295622391601299446523498199999999997823084070205619571645999999708575309987738999999999181567808323112181136061152424167399088999999995283151728
46909999999999999999819737394917254462902769015478354169799999999996499692595615938492999999924665811830792195938999943117589044395588017455311697820690284037849999999998836892
20651999999999999992936629636759641241910414769029916449618872499999999494999999599999999992456466567168157599974999966420151100625021669828694749589802114519251999999999938457
89999999999999754725354411378642467326824230352641104445044217799999999999999999999999961754221489612228812864889999999489274040637683204803079029455499703581158699999999999824
21999999999999993612850922998918634662428680041793537583994235437683899989999999999549613010779212329482262249999999999755983723280922519994854385221797111196361599999999999993
91999999999999994871589149136721672583072612540992485061982180576763656611299228112729081260911247504526425121999999991614451571691671307875467499856897195119292099999999999991
22699999999999999399364799725309134103458083186006525915787476919427537892783211889107078698848691889017611978999999261687711416505280575945864957976467812999999999999999999961
73981969999999999998999999999651773196001266643276321311500285489416083044072456902170292857187881628878579999999999246969649439877622257288533762987053983999999999999999999514
05640791599999999999499999999748759233911391690727187442501581082156959656395176979108617461315539382653499999999999420008828292411986864852510424786323670799999999999994993905
37019999776989999999999999995729273656556684311701233630191111015961565808983835556973965502610042963924619999999999106317741162789577236228828055919642709997239999999972541259
36969445963329999999999990173886076739780403460832635178955087341239554108447419965941886053864344772715199999999995321050957262186340452470947034561279269495712999999979243190
04666981627576999999999999566947034932687959187446397328022504851642415160603319085092652118168176029999999999957290343033367298651322733271698322431142127766877999999616999110
88373770391699999999999999582863424998383989788846920050803248355518190671190743571881141676220986999999999999934577838126487256230146247303616609145969132096544999999559891181
69689110151309999999999999999218999999951298982266550991024842364569311938876421544706413939921299001999999999999977528430252399693994911086180268691496205715879999999654999997
78759675184439999999999999999999999999931792321586672081956386042594138539463045995109510082748918116999999999947295866363500666534071471603457303781097557125639999999999999999
64804022509762499999999999999999999999988757789274844723186058559951420545270367761215642399999992699999999991644763900371687806097993959346608986428761017599999999999999999999
06761238874642633691559859999999999999999186689999943671804556024573742569738197725450579436999999999999968112749092181633275495456786713635538106209821289999999999999999999999
60155062745244763999432771999999999999999998599999999098792712459636623328638624999899911004299999999999775002257940396462031296791992520520154857213950592999999999999999999999
86601164697770957423189893799999999999999999999999950645129999987499049929982214959999999999999999999999896377240338620776400112792511003676300970862888178999999999999999999991
64223044268935611133073114299999999983999999999999994174033899992633425899999972599999999999999999999993638399646317075931233256035122635657970329151958799978899999999999994918
99499886053513497223075635499999999993749999999999999999999999999938680999999999999999999999999924965131720442912076842907476308341590247519676562117569891157355999999998679304
71407016449642443599877221219999999699949199999999999999999999999999999999999999999999999999992347984713834028749919250626290421972260072829677937819647391387942889999999981567
35848872960884351349999989737634999078811999999999999999999999999999999999999999999949999999999997172144629932750390734082579835546113123419991142929383283397142591899999999973
42937738537707925413919447338481499905752799999999993589999999999999999999999999999952729999997106864148435950901182370283823923940675809127583265192802238372786445799999999903
47349870965411453581364474599608229534439279999999989952189999999999987199999999992293273614512993689720062274667363542497944449790903833676713815355921723575928675675999999948
97525350571506651071093856403646304712179871999995980265039999999998984654999999999914124138527798725851889841570562179921210498402568437836609632318198019031431899998999999992
82021686765488254758828245725260389795530356167527993958686999999942793963464989379962191184121049332986739513781965882666783212246895970126367738795779999999160299999999999998
31372289233820041363999553168183041656966068851361999996177741442599439465473829540409120269874651621047789947747841340126733256537213584546803851857099999999996799999999999999
44698341975595764959524762359566888887391187457199308177101560297537752785220955438087182314315268879856301848571614789936356160966546435774590972456449999999299999999999999999
26642443109593991585442079280804688281060715128581433391574268555454246294859113770364844013792638511107697450403653637898724728912888862862769950061359999999999999599999999999
09604770374654601049097714522584966005863021451494286071931556532545555549843484263831280204965312112298817609467163389603383896160079716347979239799994189999998967999999999999
06160783232062473684726736890410016986328346975015448579778822205938750489637627163779913485192877623923574529722517668089370290991691614150932600996499519999824910399999999999
37410455111664909145836719321803214650600060914113430019681419818764383252944977530124370563254614750655903994330624916847300431021420441679999179151924366749978209499999999999