1:1,4,3,4,2,2,6,1,7,2,8,2,3,5,2,3,3,8,7,7,2,6,5,2,9,7,6,4,9,3
2:3,2,2,9,8,4,3,3,6,4,2,2,3,5,4,4,1,7,4,9,3,3,3,7,4,3,7,7,7,6
3:8,8,7,9,3,7,9,9,2,2,3,9,2,7,9,5,6,1,3,2,5,8,1,8,9,4,3,1,7,5
4:2,2,7,8,5,4,8,4,3,5,1,3,6,8,5,8,2,4,9,8,3,7,3,2,2,7,4,3,2,3
5:7,7,9,4,4,4,3,6,3,2,3,1,8,8,2,2,9,6,6,3,5,3,9,7,1,1,5,1,3,4
6:1,8,5,9,6,5,9,2,5,4,3,1,1,7,7,1,1,4,5,8,2,7,6,7,2,1,2,2,7,4
7:8,9,5,9,6,1,4,4,7,9,9,9,7,2,3,1,4,7,2,3,5,9,7,2,8,3,3,9,2,9
8:3,2,8,6,8,5,6,2,8,1,4,7,3,1,3,2,6,8,1,3,4,5,7,6,8,5,7,5,2,1
9:9,8,3,8,4,7,2,8,7,2,1,3,6,6,7,5,3,5,9,1,5,4,9,2,8,1,5,6,1,5
10:9,6,5,1,6,6,3,8,1,2,8,6,1,8,3,3,7,1,2,1,8,6,6,4,5,1,1,9,7,9
11:9,4,8,8,7,8,8,1,9,6,9,9,1,8,1,6,2,9,2,9,4,2,9,9,7,5,6,7,4,2
12:3,3,6,2,8,1,2,4,5,4,9,4,6,7,4,4,8,1,7,3,6,2,7,1,1,1,7,5,8,1
13:4,1,7,5,8,2,2,7,4,6,7,3,1,6,4,9,6,7,4,1,4,6,8,2,3,6,6,9,8,9
14:1,7,5,5,1,1,1,5,9,6,7,5,9,3,5,7,2,8,4,5,7,5,3,8,5,8,4,5,2,5
15:2,1,7,2,8,6,3,6,3,8,7,9,2,1,7,9,9,6,6,8,4,3,2,4,3,8,2,9,4,2
16:5,3,9,5,1,3,9,7,4,5,9,2,7,5,8,4,3,4,5,5,1,8,7,8,7,8,4,5,1,7
17:2,9,4,8,7,8,5,1,5,6,3,9,6,8,3,7,4,6,4,7,9,7,5,2,6,6,9,4,6,9
18:4,8,2,7,5,9,6,2,6,8,9,8,9,3,9,1,7,5,1,8,2,1,5,5,6,4,8,5,5,9
19:9,8,2,2,8,9,6,9,5,6,7,6,2,3,3,1,1,6,7,4,5,5,6,1,1,3,7,9,2,1
20:3,1,8,1,8,3,2,6,4,6,6,4,3,6,1,5,6,8,8,4,3,1,1,8,9,5,4,3,2,5
21:5,8,2,1,9,7,7,7,9,7,7,4,5,5,9,9,7,7,3,6,5,1,7,7,4,6,3,8,2,7
22:7,6,7,5,8,8,3,3,1,6,5,2,6,5,2,7,4,7,6,7,9,4,9,1,5,3,4,5,8,3
23:5,7,9,9,6,2,1,6,8,2,8,8,7,9,5,3,2,6,5,3,8,9,5,9,8,2,8,2,6,9
24:5,5,3,3,2,7,5,6,5,4,4,2,3,1,5,7,8,9,4,8,5,2,2,1,4,3,4,4,4,6
25:2,6,2,9,3,9,5,5,9,5,4,8,5,7,3,9,8,8,6,5,9,9,3,4,7,7,4,2,9,8
26:4,7,3,4,3,5,3,5,1,6,3,9,7,1,4,5,4,5,4,7,7,8,2,1,1,8,8,2,6,1
27:9,1,7,1,3,2,8,9,9,6,5,6,1,3,8,4,5,9,2,3,4,8,6,9,2,8,5,6,1,4
28:2,6,9,3,2,1,3,8,8,5,7,8,9,9,3,5,1,2,3,7,9,5,6,6,4,9,2,2,4,8
29:3,2,3,2,6,2,6,8,1,4,1,8,1,6,4,4,3,1,1,9,2,5,3,1,2,9,5,2,1,1
30:5,8,8,9,9,9,7,4,7,6,2,9,7,9,9,5,1,3,2,2,6,9,4,5,9,7,4,8,2,3
31:5,2,1,1,3,5,8,4,6,7,8,1,5,7,1,2,3,7,3,8,8,9,4,8,5,7,1,1,3,7
32:5,6,9,4,9,9,2,1,6,7,2,3,6,3,5,6,7,4,2,5,1,1,9,9,9,6,9,3,8,7
33:1,6,8,6,3,8,9,4,4,8,2,1,9,7,8,1,8,5,9,1,3,6,2,4,3,6,2,6,6,3
34:9,4,6,5,4,6,1,1,7,7,2,9,1,6,4,6,9,8,6,8,1,6,5,9,9,9,1,6,6,7
35:4,9,4,4,4,7,7,6,7,4,5,5,3,5,6,2,2,7,8,4,2,8,6,9,3,5,5,6,1,4
36:6,7,4,6,1,8,3,2,9,3,6,8,3,9,4,8,4,2,5,1,8,2,5,2,4,2,8,8,8,7
37:9,6,2,3,1,4,2,5,7,8,3,4,3,8,7,2,4,1,1,7,9,7,4,9,3,9,9,8,3,9
38:5,3,9,4,2,1,3,9,4,3,4,6,4,6,6,4,7,2,2,1,3,3,5,6,5,5,7,1,3,7
39:3,1,1,4,1,1,4,4,9,5,9,3,7,1,7,6,1,5,9,4,9,5,5,4,1,7,8,5,7,4
40:5,6,4,1,3,5,9,5,3,1,1,6,3,4,3,7,1,9,9,2,6,1,1,2,9,9,5,3,4,2
41:2,1,1,6,2,6,5,6,6,1,4,8,8,1,5,9,3,6,4,2,2,4,7,4,4,7,3,9,1,9
42:5,6,4,1,3,5,9,5,3,1,1,6,3,4,3,7,1,9,9,2,6,1,1,2,9,9,2,3,4,2
43:7,2,5,9,8,8,9,4,1,1,7,1,3,2,3,5,9,9,8,4,7,4,6,5,9,5,5,9,9,7
44:4,1,3,1,9,2,5,6,1,4,1,2,4,6,2,6,8,8,7,5,1,7,6,8,1,8,1,3,1,2
45:3,3,9,2,6,6,4,1,2,7,4,7,5,3,3,4,6,1,2,2,6,6,7,8,8,7,4,8,8,1
46:4,1,9,9,9,5,5,8,7,9,2,5,1,2,1,3,9,7,6,3,8,9,9,8,5,8,3,7,5,3
47:8,7,5,1,1,6,8,6,5,7,4,2,8,9,2,4,9,6,3,2,4,1,5,5,6,4,5,5,8,4
48:2,9,1,7,9,8,4,6,4,8,5,2,1,2,1,1,4,6,9,7,3,2,8,6,8,9,1,8,8,5
49:1,6,2,2,4,6,9,9,8,8,8,1,7,5,8,6,4,1,9,4,1,2,3,5,7,7,7,2,9,6
50:6,7,1,4,9,8,2,2,7,1,7,5,1,8,9,9,4,7,3,4,9,3,5,6,7,6,7,4,3,1
51:5,6,9,4,9,9,2,1,6,7,2,3,6,3,5,9,7,4,2,5,1,1,9,9,9,6,9,3,8,7
52:6,2,8,2,7,4,9,5,6,4,9,3,2,6,1,2,2,3,5,8,8,6,1,5,4,1,2,9,1,2
53:3,2,8,7,1,4,5,9,8,9,9,6,7,7,1,3,8,8,2,6,8,4,3,9,2,5,7,1,1,8
54:3,5,7,2,4,2,1,7,1,5,7,3,1,1,4,8,6,8,8,8,7,6,2,4,6,4,4,7,3,1
55:2,7,6,9,6,3,8,6,4,1,1,1,9,3,9,1,8,8,6,4,6,5,9,3,2,3,2,2,3,7
56:8,4,2,4,6,4,8,5,9,8,5,8,2,9,9,2,3,6,5,2,8,8,4,1,4,5,7,3,8,6
57:5,9,4,7,1,3,7,2,5,6,9,1,2,8,2,3,9,4,4,3,6,6,3,9,3,3,3,2,7,6
58:9,4,6,5,4,6,1,1,7,7,2,9,1,6,4,6,9,8,6,8,1,6,5,9,9,9,1,6,6,4
59:4,4,1,9,1,9,4,4,2,2,4,2,4,7,8,8,8,8,2,9,2,1,7,3,7,1,2,7,3,7
60:1,6,9,7,1,3,2,3,8,3,6,7,5,1,6,2,3,6,2,2,1,1,1,5,7,2,1,6,6,2
61:5,2,8,8,7,3,8,5,4,1,5,5,8,4,9,1,7,5,5,8,6,6,1,7,5,5,8,4,5,6
62:6,8,4,4,8,4,4,7,8,9,5,6,8,8,2,9,3,6,1,4,6,1,8,5,1,5,9,6,8,5
63:9,5,7,8,6,9,2,2,9,2,9,7,3,6,7,6,3,7,9,7,2,2,6,2,1,7,2,5,1,6
64:8,6,5,5,9,7,4,3,3,4,8,6,4,1,5,8,7,9,9,7,6,9,3,6,9,7,5,3,6,5
65:4,8,4,9,2,8,9,3,9,3,5,9,1,9,9,8,9,2,4,9,4,7,3,1,6,9,2,2,3,7
66:7,2,5,9,8,8,9,4,1,1,7,1,3,2,3,5,9,9,8,4,7,4,6,5,9,5,5,9,9,6
67:1,4,6,2,1,3,2,5,2,1,8,4,8,5,8,4,3,9,4,9,4,7,3,8,8,2,1,2,8,9
68:8,9,2,7,5,8,7,3,9,7,1,2,3,8,3,3,3,8,1,7,6,7,2,3,5,6,7,5,2,9
69:8,1,4,2,1,5,2,9,2,7,7,4,2,9,4,5,2,2,8,7,2,6,5,5,9,7,9,4,8,3
70:5,5,5,4,7,8,8,8,5,3,6,8,1,1,7,9,4,5,7,2,6,5,1,7,7,9,8,4,2,9
71:5,8,6,8,3,5,7,4,1,5,8,7,4,5,2,2,8,6,5,8,3,5,5,7,5,9,9,2,1,1
72:5,6,7,1,5,5,7,7,9,3,9,7,8,2,5,6,1,5,7,5,9,9,2,9,7,7,5,8,8,5
73:1,1,1,9,9,4,4,3,3,2,2,7,9,4,7,3,3,9,2,6,8,5,3,7,6,6,9,6,6,5
74:5,6,9,7,1,7,1,3,4,7,3,7,1,5,5,1,2,6,9,4,9,7,2,3,1,9,5,4,4,7
75:3,5,2,9,8,2,3,9,8,4,9,2,2,4,7,2,3,8,5,4,2,5,2,7,9,2,9,3,3,3
76:6,8,4,4,8,4,4,7,8,9,5,6,8,8,2,9,3,6,1,4,6,1,8,5,1,5,9,6,8,8
77:4,9,4,4,4,7,7,6,7,4,5,5,3,5,6,2,2,7,8,4,2,8,6,9,3,5,5,6,1,9
78:8,7,9,6,7,3,5,2,6,2,1,7,7,5,5,3,9,7,1,6,4,4,8,4,8,5,3,8,1,3
79:3,3,2,7,9,5,2,7,9,8,1,4,8,8,5,9,5,8,4,5,3,6,5,3,9,5,2,2,6,9
80:2,5,2,1,2,2,5,2,3,9,1,1,1,9,5,9,8,7,7,2,6,6,6,6,9,4,4,3,7,7
81:6,8,4,4,8,4,4,7,8,9,5,6,8,8,8,9,3,6,1,4,6,1,8,5,1,5,9,6,8,5
82:5,5,4,4,1,4,8,9,4,8,6,1,9,9,7,9,9,8,2,9,8,5,7,3,3,6,3,8,6,9
83:3,2,4,4,5,5,1,2,7,7,7,9,7,8,2,1,8,5,8,4,5,7,9,2,8,2,8,7,8,2
84:9,5,7,8,5,9,2,2,9,2,9,7,3,6,7,6,3,7,9,7,2,2,6,2,1,7,2,5,1,6
85:2,1,1,2,7,5,3,2,9,7,4,4,8,9,2,6,8,1,1,6,8,8,2,5,1,7,6,5,6,7
86:9,5,8,5,1,4,9,1,4,7,3,5,2,7,9,4,1,7,6,9,2,1,4,4,4,1,4,5,9,5
87:6,2,2,9,3,6,4,9,1,3,1,9,5,8,7,7,3,4,3,9,6,9,2,3,5,2,3,9,7,8
88:5,7,8,2,4,2,7,6,4,4,8,7,1,1,9,1,9,4,7,8,3,2,9,5,8,5,1,8,9,1
89:2,9,4,6,3,4,4,6,8,7,7,4,5,3,9,1,3,9,7,2,8,3,1,4,1,8,4,9,5,9
90:2,1,1,2,7,5,3,2,9,7,4,4,8,9,2,6,8,1,1,6,8,8,2,5,1,7,6,5,6,6
91:8,7,5,1,1,6,8,6,5,7,4,2,8,9,2,4,9,6,3,2,4,1,5,4,6,4,5,5,8,7
92:3,7,7,9,2,3,3,9,3,3,7,6,5,4,6,2,6,6,9,4,3,6,9,3,3,1,4,7,2,3
93:1,3,5,5,6,8,9,4,6,6,8,2,6,7,9,3,5,6,3,8,6,1,2,8,7,1,2,5,1,6
94:7,5,6,4,3,5,4,7,1,5,6,1,7,7,4,8,7,2,4,3,8,1,8,7,7,8,2,2,7,4
95:9,5,7,8,6,9,2,2,9,2,9,7,3,6,7,6,3,7,9,7,2,2,6,2,1,7,2,5,1,3
96:7,8,2,1,5,2,7,6,9,4,2,9,9,2,8,7,5,1,5,7,2,6,5,3,1,7,1,8,6,6
97:3,3,2,7,4,5,2,7,9,8,1,4,8,8,5,9,5,8,4,5,3,6,5,3,9,5,2,2,6,9
98:6,2,2,9,3,6,4,9,1,3,1,9,5,8,7,7,3,4,3,9,6,9,2,3,8,2,3,9,7,9
99:3,5,7,2,4,2,1,7,1,5,7,3,1,1,4,8,6,8,8,8,7,6,2,4,6,4,4,7,3,7
100:3,7,1,9,2,1,6,6,7,1,5,4,3,2,3,9,6,6,3,3,2,7,9,8,8,4,9,8,4,2
101:4,6,8,9,4,8,5,8,6,6,8,5,5,7,5,2,7,5,3,8,3,9,7,3,2,4,5,5,8,7
102:7,1,4,7,8,8,5,8,9,7,2,1,9,4,7,2,1,7,9,5,7,5,9,2,2,8,8,3,3,3
103:1,1,7,3,8,4,7,3,7,4,8,6,9,4,3,7,6,4,7,8,8,5,7,3,9,3,8,3,5,1
104:2,5,2,1,2,2,5,2,3,9,3,1,1,9,5,9,8,7,7,2,6,6,6,6,9,4,4,3,7,7
105:3,8,1,6,8,4,4,6,6,8,8,5,5,6,4,5,4,1,6,7,4,8,9,1,7,4,9,1,6,7
106:6,1,6,6,3,1,6,1,5,7,2,3,2,1,6,6,2,5,6,5,6,4,6,6,9,8,9,9,4,6
107:9,5,8,5,1,4,9,1,4,7,3,5,2,7,9,4,1,7,6,6,2,1,4,4,4,1,4,5,9,5
108:1,8,7,9,6,1,4,5,6,4,6,9,1,8,4,3,7,7,9,7,6,9,5,9,7,3,7,8,1,1
109:2,8,1,3,9,2,1,7,3,2,8,4,7,4,8,1,7,1,3,4,3,5,4,8,4,2,1,4,4,7
110:1,6,8,6,3,8,9,4,4,8,2,1,9,3,8,1,8,5,9,1,3,6,2,4,3,6,2,6,6,5
111:5,6,7,1,5,5,6,7,9,3,9,7,8,2,5,6,1,5,7,5,9,9,2,9,7,7,5,8,8,5
112:1,2,7,3,8,4,7,3,7,4,8,6,9,4,3,7,6,4,7,8,8,5,7,3,9,3,8,3,5,3
113:7,3,4,4,4,8,2,1,1,1,4,5,2,8,5,3,4,3,8,5,9,2,6,7,7,1,2,9,3,5
114:8,7,9,6,6,8,5,5,8,1,3,4,3,8,9,6,2,9,1,8,9,3,3,3,5,1,9,3,6,5
115:9,7,4,2,2,3,9,6,6,1,7,4,9,9,2,1,9,6,2,2,4,5,5,4,8,4,1,1,5,7
116:3,7,7,9,2,3,3,9,3,3,7,6,5,4,6,2,6,1,9,4,3,6,9,3,3,1,4,7,2,7
117:9,9,2,2,7,7,6,9,5,4,4,3,2,4,2,8,3,3,4,2,5,1,7,8,1,2,1,9,9,3
118:1,2,7,7,2,9,9,2,6,6,5,1,2,4,3,4,9,6,2,1,8,5,6,1,8,2,8,2,8,4
119:2,7,6,9,6,3,8,6,4,1,1,1,9,3,9,1,8,8,6,4,6,5,9,3,2,3,2,2,3,7
120:9,4,6,7,4,6,1,1,7,7,2,9,1,6,4,6,9,8,6,8,1,6,5,9,9,9,1,6,6,4
121:4,9,3,8,6,4,8,4,8,4,7,8,1,9,5,4,1,2,5,6,8,9,1,1,6,9,8,5,6,1
122:2,1,3,7,1,3,3,3,3,2,8,9,4,2,9,6,3,8,2,4,8,5,5,8,7,7,5,8,7,1
123:9,1,7,5,4,5,8,6,5,9,9,6,4,8,3,6,3,2,3,7,8,7,1,6,6,3,8,4,1,7
124:7,4,6,8,7,5,5,4,7,4,7,6,3,3,5,1,2,3,1,4,3,5,7,3,4,9,4,3,5,5
125:7,6,7,5,8,8,3,3,1,6,5,2,6,5,2,7,4,7,6,7,9,1,9,1,5,3,4,5,8,3
126:9,8,8,3,6,9,7,5,5,4,2,1,3,2,6,5,6,2,7,4,9,5,8,8,9,8,6,8,9,3
127:5,4,4,3,2,4,3,7,7,8,7,2,3,2,9,5,7,4,9,6,8,5,2,1,2,3,1,3,8,4
128:1,8,1,1,8,6,8,7,5,9,6,8,5,6,3,8,7,2,5,1,5,3,3,5,1,6,7,9,9,7
129:8,3,8,4,3,5,5,8,9,5,7,7,4,4,1,8,9,4,2,2,5,7,2,9,3,7,4,6,4,5
130:9,6,7,6,3,9,2,6,3,4,3,4,5,4,2,4,4,3,8,8,2,9,6,5,5,5,7,5,1,3
131:1,3,9,6,8,4,3,3,1,9,9,3,6,7,7,8,2,2,7,9,5,9,9,1,7,9,7,2,4,7
132:3,3,2,4,7,3,3,9,5,1,2,5,9,6,4,7,3,4,9,2,2,2,8,5,1,1,2,8,2,4
133:7,2,4,9,6,5,2,1,9,4,1,6,3,7,5,4,9,7,2,5,9,9,8,6,5,6,6,6,8,7
134:2,1,3,2,8,7,4,2,2,1,1,4,7,7,8,2,6,3,5,1,1,7,4,9,8,1,2,3,5,9
135:2,5,2,1,2,2,5,2,3,9,3,1,1,9,5,9,8,7,7,2,6,6,6,6,9,4,4,3,7,7
136:8,1,4,2,1,5,2,9,2,7,7,4,2,9,4,5,2,2,8,7,2,6,5,5,9,7,9,4,7,3
137:5,5,3,3,2,7,5,6,5,4,4,2,3,1,5,7,8,9,4,8,5,2,2,1,4,3,4,4,4,2
138:9,5,4,4,1,7,6,2,3,5,2,5,7,5,1,5,4,3,1,5,3,1,2,6,2,6,7,6,7,6
139:2,4,9,1,9,1,9,6,8,3,3,7,8,4,7,1,1,3,8,6,3,5,9,2,1,5,5,2,5,9
140:5,6,9,4,9,9,2,1,6,7,2,3,6,3,5,9,7,4,2,5,1,1,9,9,9,6,9,3,8,3
141:9,6,2,3,1,4,2,5,7,8,3,4,3,8,7,2,4,1,1,7,9,7,4,9,3,9,9,8,3,6
142:1,3,9,7,1,3,2,3,8,3,6,7,5,1,6,2,3,6,2,2,1,1,1,5,7,2,1,6,6,7
143:8,6,4,8,6,4,4,5,3,2,2,7,4,7,1,4,4,4,7,4,7,8,5,7,4,9,2,3,2,4
144:4,9,4,4,4,7,7,6,7,4,5,5,3,5,6,2,2,7,8,6,2,8,6,9,3,5,5,6,1,9
145:9,7,6,6,7,9,1,7,4,7,5,6,9,9,4,4,5,1,6,6,4,5,5,1,8,5,6,4,4,6
146:5,1,3,7,9,6,8,1,4,5,7,4,9,7,6,4,7,3,8,8,3,5,8,4,8,9,3,8,2,9
147:5,2,7,7,8,3,2,5,4,5,2,2,3,3,8,4,1,4,7,1,2,1,8,5,4,2,2,3,5,4
148:1,4,2,3,5,5,7,6,7,1,3,5,9,3,1,8,3,6,1,6,3,2,7,5,5,4,3,2,8,8
149:9,6,4,5,9,2,3,3,6,8,1,5,6,2,8,5,1,1,4,6,2,5,9,6,8,1,5,9,1,2
150:6,1,6,6,3,1,6,1,5,7,2,3,2,1,6,6,2,5,6,5,6,4,6,6,9,8,9,9,4,9
151:9,7,8,2,2,5,4,5,7,2,8,6,6,7,9,6,1,3,6,2,8,9,4,6,1,1,8,6,8,3
152:3,3,9,2,6,6,4,1,2,7,4,7,5,3,3,4,6,1,2,2,6,6,7,8,8,7,4,8,8,3
153:9,4,1,3,4,7,1,1,5,2,8,8,6,4,2,5,4,7,7,2,1,5,9,4,1,1,9,1,1,5
154:7,9,7,2,8,4,3,6,2,4,1,4,3,3,4,4,3,4,1,1,3,1,6,4,2,3,6,8,3,2
155:2,6,9,3,2,4,3,8,8,5,7,8,9,9,3,5,1,2,3,7,9,5,6,6,4,9,2,2,4,8
156:6,2,8,2,7,4,9,5,6,4,9,3,2,6,1,2,2,3,5,8,8,6,1,5,4,1,2,9,1,2
157:3,9,6,8,6,1,6,8,2,5,8,6,1,2,3,8,3,8,7,5,8,5,1,9,7,8,2,6,2,8
158:7,4,6,8,7,5,5,4,2,4,7,6,3,3,5,1,2,3,1,4,3,5,7,3,4,9,4,3,5,5
159:3,1,5,3,6,5,6,9,9,1,2,2,7,8,7,8,8,7,8,8,8,4,6,4,7,7,9,4,2,7
160:4,1,3,1,9,2,5,6,8,4,1,2,4,6,2,6,8,8,7,5,1,7,6,8,1,8,1,3,1,9
161:8,8,3,1,7,2,9,4,1,7,3,4,2,7,2,6,2,2,2,8,2,4,2,5,4,3,8,4,9,9
162:1,2,3,3,7,8,9,1,1,6,7,2,7,9,5,6,8,3,9,3,7,7,1,2,5,7,6,6,9,3
163:8,9,9,6,7,6,8,9,9,5,9,5,7,8,7,1,6,7,6,3,5,3,2,5,6,8,5,2,1,8
164:1,3,1,3,7,2,4,2,9,6,2,4,7,2,9,3,2,1,3,9,5,1,5,2,4,2,4,8,8,8
165:6,8,1,4,9,8,2,2,7,1,7,5,1,8,9,9,4,7,3,4,9,3,5,6,7,6,7,4,3,1
166:3,7,7,9,2,3,3,9,3,3,7,6,5,4,6,2,6,6,9,4,3,6,9,3,3,1,4,7,2,7
167:6,7,3,3,4,7,8,6,5,9,5,2,3,2,9,3,4,6,5,6,1,8,1,2,6,1,5,4,7,5
168:7,9,8,7,5,8,9,6,2,4,4,8,1,4,5,8,8,4,4,4,9,2,7,5,8,1,1,5,5,5
169:1,6,4,4,6,2,7,7,5,4,1,5,4,5,7,9,3,6,6,4,6,9,1,6,5,1,9,8,4,4
170:9,2,4,2,8,5,2,1,5,8,1,3,2,8,8,6,2,4,1,1,3,3,6,1,4,9,2,7,8,1
171:9,4,7,2,4,1,2,7,4,9,5,7,4,4,7,3,5,4,7,3,8,9,5,6,4,5,8,7,3,5
172:2,9,4,8,7,8,5,1,5,6,3,9,6,8,5,7,4,6,4,7,9,7,5,2,6,6,9,4,6,9
173:7,4,3,9,9,9,7,3,1,6,8,3,2,2,4,2,1,3,9,7,4,6,2,5,9,9,6,4,5,8
174:9,6,9,1,2,7,4,7,6,2,8,2,5,2,5,5,5,6,2,9,3,9,1,9,1,1,5,4,7,1
175:8,3,6,1,2,7,1,9,6,2,2,4,5,9,4,9,5,2,5,2,6,2,4,2,2,1,8,6,8,6
176:5,3,9,4,2,1,3,9,4,3,4,6,4,6,6,4,7,2,2,1,3,3,5,6,5,5,7,1,3,5
177:7,7,7,7,9,2,2,8,7,3,1,4,5,5,3,9,7,2,6,5,8,6,5,3,7,2,8,2,6,1
178:7,2,5,9,5,3,4,7,2,9,1,4,4,3,7,2,5,6,8,7,4,8,6,3,9,8,6,3,8,5
179:6,1,6,6,3,1,6,1,5,7,2,3,2,7,6,6,2,5,6,5,6,4,6,6,9,8,9,9,4,9
180:8,1,4,2,1,5,2,9,2,7,7,4,2,9,4,5,2,2,8,7,2,6,5,5,9,7,9,4,8,3
181:2,3,8,4,8,6,2,3,5,8,5,9,7,4,7,2,9,1,5,9,8,5,1,6,8,7,4,8,7,1
182:3,6,6,6,7,7,4,1,8,2,5,3,8,4,2,1,7,5,9,8,9,3,1,6,2,8,6,3,3,8
183:1,8,1,1,8,6,8,7,5,9,6,8,5,6,3,8,7,2,5,1,5,3,3,5,1,6,7,9,9,8
184:6,5,4,2,8,3,9,9,3,6,1,3,5,7,4,1,4,8,8,9,3,9,1,1,9,4,8,6,1,3
185:6,8,1,4,9,8,2,2,7,1,7,5,1,8,9,9,4,7,3,4,9,3,5,6,7,6,7,4,3,5
186:3,1,5,3,8,5,6,9,9,1,2,2,7,8,7,8,8,7,8,8,8,4,6,4,7,7,9,4,2,9
187:2,1,3,7,1,3,3,3,3,2,8,9,4,2,9,6,3,8,2,4,8,5,5,8,7,7,5,8,7,3
188:4,2,1,7,8,4,7,3,6,2,3,7,1,7,2,5,8,7,3,7,5,1,1,9,1,2,6,7,1,2
189:8,7,1,5,4,2,7,4,1,4,5,3,9,9,6,7,7,1,5,8,3,3,7,9,2,1,7,9,6,4
190:9,5,9,7,8,2,8,8,1,5,4,2,3,5,7,6,1,4,9,4,5,8,8,8,9,1,7,2,8,9
191:9,2,4,2,8,5,2,1,5,8,1,3,2,8,1,6,2,4,1,1,3,3,6,1,4,9,2,7,8,4
192:5,8,1,2,6,6,9,2,6,6,3,5,9,4,8,7,4,6,3,7,8,5,8,9,1,3,1,8,6,6
193:3,8,4,3,9,6,1,4,9,4,8,5,4,3,3,9,8,3,5,3,4,1,4,7,4,4,3,4,6,4
194:6,8,5,9,2,7,7,6,4,7,8,7,7,2,5,7,3,6,4,7,2,9,2,5,5,9,8,2,4,6
195:7,8,7,7,8,2,1,4,5,4,8,5,3,1,6,2,2,5,2,4,1,1,4,5,1,7,9,4,7,2
196:6,7,9,1,1,5,1,4,5,6,6,4,6,6,8,8,4,6,2,6,5,9,8,1,8,7,8,9,5,5
197:8,1,8,7,5,3,7,6,8,9,6,4,7,8,4,5,3,2,3,1,4,2,5,9,1,5,7,2,4,2
198:4,5,7,2,2,5,2,5,9,1,3,1,2,4,5,4,3,2,4,7,4,8,6,9,3,7,1,2,5,3
199:4,2,9,6,6,2,1,5,7,1,3,2,6,9,5,8,6,4,5,2,9,2,9,5,8,6,5,5,1,1
200:6,2,7,1,6,8,9,2,6,1,7,2,7,9,7,9,5,9,1,7,3,1,7,8,6,9,2,9,6,6
201:2,5,7,9,6,7,2,1,9,5,2,9,3,8,6,3,9,5,2,7,3,9,5,5,1,7,5,3,7,5
202:6,7,3,3,5,2,7,6,6,7,7,3,5,9,8,2,4,7,3,4,2,6,4,8,5,5,2,3,6,3
203:2,6,5,2,1,4,6,4,6,4,6,5,7,1,1,2,3,4,1,4,7,9,4,7,6,1,6,5,5,5
204:1,5,9,2,6,8,3,8,1,9,9,9,2,1,1,7,3,6,4,4,7,3,9,7,6,3,9,1,9,5
205:5,5,5,4,7,8,8,8,5,3,6,8,1,3,7,9,4,5,7,2,6,5,1,7,7,9,8,4,2,7
206:9,3,7,4,3,8,4,7,3,5,6,1,6,5,2,7,6,4,4,7,8,4,3,9,4,5,4,5,2,2
207:5,5,1,3,8,5,8,4,5,3,5,7,3,6,2,5,9,8,4,3,3,1,4,7,2,1,7,1,4,8
208:7,2,4,9,6,5,2,1,9,4,1,6,3,7,5,4,9,7,2,5,9,9,8,6,5,6,6,6,8,8
209:3,2,6,1,4,9,1,1,4,5,9,3,4,6,8,4,6,9,9,8,4,2,9,5,7,6,3,9,7,6
210:2,9,5,8,2,2,1,7,7,6,2,6,2,2,7,1,8,9,4,8,6,4,9,6,6,9,7,8,4,8
211:3,6,6,5,5,3,3,1,3,5,3,3,7,1,3,8,2,6,3,7,3,3,2,2,8,7,2,5,6,1
212:6,4,1,8,9,8,1,5,3,3,1,8,6,5,9,2,5,9,9,8,9,1,5,7,8,5,7,1,9,1
213:8,9,9,3,7,6,8,9,9,5,9,5,7,8,7,1,6,7,6,3,5,3,2,5,6,8,5,2,1,8
214:8,9,9,3,7,6,8,9,9,5,9,5,7,8,7,1,6,7,6,3,5,3,2,5,6,8,5,2,1,3
215:7,7,7,8,8,9,2,8,1,8,5,9,4,4,1,5,3,2,5,9,5,4,9,1,2,9,5,4,9,7
216:6,7,4,6,1,8,3,2,7,3,6,8,3,9,4,8,4,2,5,1,8,2,5,2,4,2,8,8,8,7
217:7,1,6,2,4,7,2,5,4,4,1,5,1,4,4,9,8,9,8,3,4,5,6,6,5,6,6,9,2,1
218:9,4,9,7,9,7,4,2,4,3,5,6,5,3,6,1,1,7,5,3,9,3,6,1,2,7,2,7,8,5
219:2,3,9,3,8,5,3,6,2,3,9,6,5,5,3,7,6,6,6,2,3,4,6,5,8,7,9,7,7,5
220:9,8,6,9,9,9,7,5,6,6,5,9,9,8,6,6,9,4,1,9,4,6,4,5,5,3,4,6,3,4
221:4,7,8,3,3,8,9,2,8,4,6,2,3,1,7,4,2,7,5,1,3,6,4,9,9,4,4,2,1,6
222:6,1,6,9,9,9,5,3,3,9,2,1,7,2,4,2,9,6,3,4,5,6,3,9,6,4,6,5,9,6
223:7,7,1,2,8,8,4,4,6,2,7,1,2,4,4,3,4,6,7,6,1,7,9,6,7,2,4,7,6,3
224:5,2,7,7,8,3,2,5,4,5,2,2,3,3,8,4,1,4,7,1,2,1,8,5,4,2,2,3,5,6
225:1,5,9,2,6,8,3,8,1,9,9,9,2,1,1,7,3,6,4,4,7,3,9,7,6,3,9,1,9,5
226:6,9,2,4,8,2,8,4,6,7,2,7,6,2,6,3,4,3,8,4,3,6,1,3,4,8,4,3,6,8
227:7,6,4,9,3,3,5,3,3,4,8,3,4,8,7,1,8,8,7,4,7,5,3,3,9,2,3,1,8,1
228:2,1,1,3,9,2,4,8,1,4,4,1,6,9,3,2,1,6,5,5,3,1,8,6,9,4,7,9,6,8
229:5,5,7,7,8,7,3,1,7,4,2,9,3,9,1,9,8,2,7,5,4,6,3,5,1,4,3,7,2,5
230:4,9,7,9,2,4,3,3,5,2,3,4,5,3,4,8,4,1,5,4,7,6,1,9,8,7,7,6,7,1
231:8,8,2,1,8,6,6,3,2,5,9,4,2,7,9,4,4,5,3,9,7,3,8,5,9,1,1,8,1,5
232:6,5,7,9,2,6,9,9,8,9,2,8,3,2,2,2,9,3,7,1,5,2,3,5,7,7,8,9,5,5
233:9,4,8,8,5,8,6,8,8,3,2,1,3,2,8,8,3,7,4,3,4,9,7,2,7,8,7,4,5,1
234:8,7,5,1,1,6,8,6,5,7,4,2,8,9,2,4,9,6,3,2,4,1,5,5,6,4,5,5,8,7
235:6,2,8,2,7,4,9,5,6,4,9,3,2,6,1,2,2,3,5,8,8,6,1,5,4,1,2,9,1,2
236:9,3,4,4,8,2,6,5,7,7,1,1,1,8,9,8,1,1,7,2,4,9,4,5,5,7,2,8,9,8
237:6,2,2,9,3,6,4,9,1,3,1,9,5,8,7,7,3,4,3,9,6,9,2,3,8,2,3,9,7,8
238:7,3,7,6,7,8,1,6,2,8,3,7,3,7,7,2,3,5,2,4,2,9,7,1,1,2,9,6,3,5
239:4,8,4,8,3,8,2,3,8,4,3,8,9,5,8,2,7,9,4,2,6,5,4,8,8,4,5,1,1,9
240:4,8,4,8,3,8,2,3,8,4,3,8,9,5,8,2,7,9,4,2,6,5,4,8,8,4,5,1,1,5
241:7,7,7,7,9,2,2,8,7,3,1,4,5,5,3,4,7,2,6,5,8,6,5,3,7,2,8,2,6,5
242:7,2,6,5,7,1,4,1,6,9,9,2,1,7,5,5,4,1,2,2,5,6,2,4,3,5,5,5,4,3
243:6,7,9,1,1,5,1,4,5,6,6,4,6,6,8,8,4,6,2,6,5,9,8,1,8,7,8,9,5,5
244:2,3,8,4,8,6,2,3,5,8,5,9,3,4,7,2,9,1,5,9,8,5,1,6,8,7,4,8,7,3
245:5,7,4,5,9,4,7,5,5,8,9,7,4,8,1,9,3,5,6,1,5,9,1,1,5,2,6,3,3,3
246:2,5,7,2,4,2,1,7,1,5,7,3,1,1,4,8,6,8,8,8,7,6,2,4,6,4,4,7,3,7
247:1,2,3,9,6,9,8,6,2,7,8,1,7,8,5,5,9,3,1,8,4,7,3,3,2,4,9,8,4,2
248:8,9,4,3,6,8,7,1,9,2,3,8,2,2,5,3,5,3,8,5,2,4,6,8,5,8,8,8,4,9
249:3,1,8,1,8,3,2,6,4,5,6,4,3,6,1,5,6,8,8,4,3,1,1,8,9,5,4,3,2,4
250:3,3,6,9,9,2,1,6,1,7,7,1,5,8,2,4,4,5,3,2,8,6,1,9,1,9,5,5,5,3
251:4,4,2,3,2,8,3,2,2,3,4,4,3,2,2,9,8,6,3,7,9,3,4,7,8,3,3,6,9,2
252:6,7,4,6,1,8,3,2,7,3,6,8,3,9,4,8,4,2,5,1,8,2,5,2,4,2,8,8,8,3
253:7,7,1,2,8,1,4,4,6,2,7,1,2,4,4,3,4,6,7,6,1,7,9,6,7,2,4,7,6,3
254:7,9,8,3,3,9,5,3,1,2,8,8,8,8,6,6,5,2,1,3,8,8,2,4,7,6,5,3,9,5
255:5,3,9,6,5,5,7,8,5,8,6,1,3,5,2,7,9,4,6,1,5,8,6,5,1,6,1,3,7,5
256:3,1,5,3,6,5,6,9,9,1,2,2,7,8,7,8,8,7,8,8,8,4,6,4,7,7,9,4,2,9
257:3,1,8,1,8,3,2,6,4,6,6,4,3,6,1,5,6,8,8,4,3,1,1,8,9,5,4,3,2,4
258:7,4,6,8,7,5,5,4,2,4,7,6,3,3,5,1,2,3,1,4,3,5,7,3,4,9,4,3,5,5
259:6,9,9,7,6,7,6,6,5,8,9,3,9,4,1,2,2,4,3,4,4,5,3,5,8,2,8,1,5,2
260:3,8,4,5,2,7,9,5,6,3,3,2,4,4,9,4,1,6,6,9,6,4,5,6,4,1,1,6,8,9
261:2,1,1,3,9,2,4,8,1,4,4,1,6,9,3,2,1,6,5,5,3,1,8,6,9,4,7,9,6,6
262:2,5,2,3,3,7,9,2,6,8,5,1,9,9,8,5,1,9,3,6,8,9,9,8,4,1,5,6,8,4
263:2,9,6,4,9,8,2,4,5,5,8,3,6,8,1,4,4,2,2,5,7,5,9,5,7,8,8,5,4,2
264:5,8,2,1,9,7,7,7,9,7,7,4,5,5,9,9,7,7,3,6,5,1,7,7,4,6,3,8,2,2
265:1,9,2,8,8,8,6,5,3,8,6,2,4,7,1,1,3,7,9,2,9,4,8,5,1,4,1,5,4,5
266:9,7,6,1,5,9,5,2,3,1,8,6,1,8,2,3,7,1,6,7,9,9,8,5,6,6,7,2,8,8
267:8,2,9,5,8,6,1,4,1,8,5,9,4,6,4,1,9,9,7,5,2,3,2,8,8,6,3,9,2,1
268:9,5,4,8,1,7,6,2,3,5,2,5,7,5,1,5,4,3,1,5,3,1,2,6,2,6,7,6,7,6
269:4,2,5,3,5,3,3,1,4,2,1,5,9,1,7,2,6,5,3,4,8,4,9,4,5,4,5,3,5,9
270:3,5,9,6,9,7,6,1,2,6,6,1,9,3,4,4,9,8,8,2,8,2,3,3,3,7,5,4,5,1
271:2,5,2,3,3,7,9,2,6,8,5,1,9,9,8,5,1,9,3,6,8,9,9,8,4,1,5,6,8,6
272:6,5,7,9,2,6,9,9,8,9,2,8,3,2,2,5,9,3,7,1,5,2,3,5,7,7,8,9,5,5
273:1,5,9,2,6,8,3,8,1,9,9,9,2,1,1,7,3,6,4,4,7,3,9,7,6,3,9,1,9,7
274:9,4,9,7,9,7,4,2,4,3,5,6,5,3,6,1,1,7,5,3,9,3,6,1,2,7,2,7,7,5
275:4,9,8,8,1,3,6,2,7,5,5,4,7,5,5,4,2,3,8,7,7,5,1,6,4,9,6,2,9,8
276:1,2,3,8,7,8,8,8,4,4,9,6,6,6,2,3,9,4,9,7,8,6,9,1,4,7,1,9,4,2
277:4,7,8,3,3,8,9,2,8,4,6,2,3,1,7,4,2,7,5,1,3,6,4,5,9,4,4,2,1,6
278:9,2,7,2,6,6,9,1,9,5,1,9,7,3,3,1,4,6,2,1,7,8,9,7,1,2,9,8,4,9
279:4,4,2,7,6,6,1,6,1,5,7,3,5,6,7,8,8,1,8,4,6,7,9,6,2,7,7,3,2,1
280:2,9,1,1,6,8,6,5,5,2,9,8,6,9,2,5,3,2,1,9,8,2,7,8,7,7,7,5,3,2
281:8,8,6,4,1,5,7,1,8,8,4,9,6,9,3,6,3,5,9,2,8,3,8,7,4,8,8,5,3,5
282:4,8,2,4,5,2,9,8,9,2,2,3,1,2,2,2,6,3,1,3,2,2,8,4,9,1,4,3,2,8
283:3,2,4,6,1,7,4,1,4,3,3,3,9,1,8,3,3,6,6,2,9,5,5,9,3,2,4,8,6,5
284:4,8,4,9,2,8,9,3,9,3,5,9,1,9,9,8,9,2,4,9,4,7,3,1,6,9,2,2,3,7
285:1,3,3,6,9,3,3,5,2,7,6,4,7,8,2,2,7,6,4,2,8,5,6,8,8,4,4,9,6,8
286:9,8,6,6,7,6,9,6,5,6,1,7,2,5,6,5,1,8,1,9,2,7,5,6,8,3,4,4,6,9
287:9,5,6,5,7,7,1,5,1,2,9,4,2,3,5,6,8,6,2,8,6,2,3,1,3,5,2,4,3,9
288:8,8,3,1,4,2,9,4,1,7,3,4,2,7,2,6,2,2,2,8,2,4,2,5,4,3,8,4,9,7
289:3,6,1,4,2,7,5,1,2,7,6,5,2,5,9,2,6,2,7,4,3,1,5,7,8,1,5,4,2,5
290:8,3,5,8,8,1,3,9,5,9,7,6,8,3,9,9,9,6,2,7,8,4,7,5,6,3,4,8,8,7
291:1,4,9,7,4,4,3,7,3,3,3,8,6,5,4,3,5,4,2,8,6,2,8,1,8,6,5,6,8,3
292:7,7,7,7,9,2,2,8,7,3,1,4,5,5,3,9,7,2,6,5,8,6,5,3,7,2,8,2,6,5
293:6,5,7,9,2,6,9,9,8,9,2,8,3,2,2,2,9,3,7,1,5,2,3,5,7,7,8,9,5,4
294:5,7,7,1,5,1,6,8,9,7,1,3,7,2,5,8,2,3,3,2,9,6,3,5,2,8,1,2,9,2
295:1,9,8,3,2,7,3,3,8,6,2,3,8,2,3,3,5,8,1,4,4,3,9,2,6,1,1,2,8,4
296:3,5,6,6,8,5,4,9,7,6,4,6,9,5,2,9,7,2,7,5,9,6,4,8,5,9,3,6,8,8
297:9,8,9,7,4,6,1,9,4,5,4,2,8,2,1,3,2,7,6,3,4,3,6,9,9,8,9,1,1,1
298:9,4,5,3,6,3,2,3,5,7,6,9,6,7,8,6,5,9,7,4,4,3,8,7,6,7,3,1,8,9
299:8,7,1,5,4,2,7,4,1,4,5,3,9,9,6,7,7,1,5,9,3,3,7,9,2,1,7,9,6,4
300:3,9,4,3,6,7,3,5,6,6,8,8,8,1,4,3,1,7,2,6,6,8,6,4,9,1,6,8,4,5
301:8,8,6,3,5,8,6,5,1,7,1,6,1,6,4,6,8,7,9,5,7,8,5,7,2,3,1,5,7,8
302:3,5,9,9,3,1,4,4,7,9,8,9,8,8,3,7,6,2,8,5,7,9,3,1,2,2,3,7,6,7
303:8,6,5,5,9,7,4,3,3,4,8,6,4,1,5,8,7,9,9,7,6,9,3,6,9,7,5,3,6,2
304:6,8,3,2,7,7,2,2,1,9,6,9,2,9,6,7,9,6,3,6,3,7,6,5,5,4,4,6,2,6
305:9,5,8,9,9,8,5,6,1,5,7,1,7,4,7,1,5,5,9,1,2,4,7,7,2,2,4,6,2,2
306:9,8,3,6,8,3,9,4,7,6,3,8,6,4,2,8,1,3,3,9,2,9,2,7,7,6,2,7,2,7
307:1,2,7,3,8,4,7,3,7,4,8,6,9,4,3,7,6,4,7,8,8,5,7,3,9,3,8,3,5,1
308:4,2,5,3,5,3,3,1,4,2,1,5,9,1,7,2,6,2,3,4,8,4,9,4,5,4,5,3,5,6
309:7,2,4,9,5,5,2,1,9,4,1,6,3,7,5,4,9,7,2,5,9,9,8,6,5,6,6,6,8,7
310:2,9,4,8,7,8,5,1,5,6,3,9,6,8,5,7,4,6,4,7,9,7,5,2,6,6,9,4,6,4
311:5,6,4,1,3,5,9,5,3,1,1,6,3,4,3,7,1,9,9,2,6,1,1,2,9,9,5,3,4,8
312:7,6,7,5,8,8,3,3,1,6,5,2,6,5,2,7,4,7,6,7,9,4,9,1,5,3,4,5,8,4
313:6,2,7,7,3,5,1,1,3,8,8,1,7,3,5,9,2,7,8,4,2,6,7,4,3,3,2,9,6,4
314:8,9,8,2,5,7,4,8,7,9,7,2,2,5,5,3,9,2,8,9,5,1,7,1,3,7,3,4,5,7
315:1,8,7,9,6,1,4,5,6,4,6,9,1,8,4,4,7,7,9,7,6,9,5,9,7,3,7,8,1,6
316:6,5,4,2,8,3,9,9,3,6,1,3,5,7,4,1,4,8,8,9,3,9,1,1,9,8,8,6,1,3
317:7,9,6,4,9,6,2,1,3,8,3,7,4,8,7,9,4,7,4,8,8,3,8,8,9,8,7,7,6,8
318:8,8,8,6,1,6,2,1,4,7,7,4,7,3,9,8,9,9,8,8,3,1,7,5,9,9,5,1,1,3
319:3,5,9,6,9,7,6,1,2,6,6,1,9,3,4,4,9,8,8,2,8,2,3,3,3,7,5,4,5,5
320:3,2,3,1,9,1,9,3,2,5,4,5,1,9,1,8,4,5,1,5,7,7,6,3,3,4,5,7,7,8
321:1,7,6,1,2,1,1,6,8,6,7,4,6,8,9,6,5,2,5,9,9,2,9,8,9,5,1,8,5,9
322:6,7,9,1,1,5,1,4,5,6,6,4,6,6,8,8,4,6,2,6,5,9,8,1,8,7,8,9,5,4
323:7,6,6,9,1,2,8,4,5,3,7,2,9,2,7,9,9,7,2,4,4,4,2,2,1,5,3,8,3,7
324:8,2,1,4,5,7,7,1,8,9,1,3,3,4,8,5,3,6,4,4,6,4,7,6,6,4,9,8,1,5
325:8,6,4,8,6,4,4,5,3,2,2,7,4,7,1,9,4,4,7,4,7,8,5,7,4,9,2,3,2,4
326:6,7,3,3,5,2,7,7,6,7,7,3,5,9,8,2,4,7,3,4,2,6,4,8,5,5,2,3,6,3
327:7,9,4,1,4,4,4,6,5,4,9,5,3,8,7,1,9,5,1,9,1,1,9,8,2,9,4,7,9,1
328:4,6,2,7,4,1,3,4,6,9,3,3,1,6,5,6,2,7,7,8,6,6,3,5,4,5,7,8,7,4
329:5,3,1,9,5,8,6,6,4,6,1,7,9,3,1,3,5,9,4,8,6,3,6,6,1,4,2,2,2,4
330:5,2,8,8,7,3,8,5,4,1,5,5,8,4,9,1,7,5,5,8,6,6,1,7,5,5,8,4,5,9
331:3,2,6,1,4,9,1,1,4,5,9,3,4,6,8,4,6,9,9,8,4,2,9,5,7,6,3,9,7,1
332:2,1,2,3,9,2,4,8,1,4,4,1,6,9,3,2,1,6,5,5,3,1,8,6,9,4,7,9,6,6
333:1,6,3,7,8,3,4,5,6,9,8,4,2,8,7,5,3,2,2,4,1,7,6,2,5,6,5,3,2,9
334:2,9,7,1,2,9,9,6,3,3,5,6,4,6,8,7,4,4,1,1,4,8,3,8,9,4,2,5,1,4
335:4,4,2,7,6,6,1,6,1,5,7,3,5,6,7,8,8,1,8,5,6,7,9,6,2,7,7,3,2,1
336:6,6,6,8,3,2,4,2,4,4,1,9,5,3,8,6,8,5,1,8,4,1,1,8,5,4,1,8,6,9
337:2,6,9,9,7,3,2,1,1,3,8,3,5,1,4,5,7,3,6,9,4,3,2,2,3,9,2,5,1,8
338:6,1,7,7,5,4,1,3,7,4,6,4,3,6,3,1,8,2,5,4,5,3,7,9,1,2,7,5,1,4
339:3,5,9,6,9,7,6,1,2,6,6,1,9,3,4,4,9,8,8,2,8,2,9,3,3,7,5,4,5,1
340:2,8,2,9,6,7,5,6,6,3,6,3,3,6,6,7,2,5,6,3,8,5,2,3,2,8,1,9,5,3
341:5,8,6,8,3,5,7,4,1,5,8,7,4,5,2,2,8,6,5,8,3,5,5,7,5,9,9,6,1,1
342:3,2,4,6,1,7,4,1,4,3,3,3,9,1,8,3,3,6,6,2,9,5,5,9,3,2,4,8,6,6
343:7,9,6,4,9,6,2,1,3,8,3,7,4,8,7,9,4,7,4,8,8,3,8,8,9,8,7,7,6,7
344:8,5,1,3,2,1,2,2,8,1,3,5,1,4,7,5,8,7,8,9,2,2,3,9,7,8,8,1,3,8
345:1,3,5,5,6,8,9,4,6,6,8,8,6,7,9,3,5,6,3,8,6,1,2,8,7,1,2,5,1,3
346:9,3,7,5,9,8,5,1,2,1,7,7,6,9,9,1,1,4,4,5,8,3,6,8,9,3,7,1,3,1
347:8,7,1,5,4,2,7,4,1,4,5,3,9,9,6,7,7,1,5,9,3,3,7,9,2,1,7,9,6,8
348:4,8,4,8,3,8,2,3,8,4,3,8,9,5,9,2,7,9,4,2,6,5,4,8,8,4,5,1,1,9
349:7,2,4,8,9,7,9,7,9,4,8,4,5,3,2,4,8,4,8,6,5,7,7,8,7,7,6,2,3,4
350:8,9,2,8,2,9,2,1,6,9,8,4,9,5,6,3,7,1,7,8,9,5,8,6,9,2,1,8,5,2
351:6,5,3,8,1,9,6,2,8,4,1,3,3,7,7,8,7,7,7,8,3,9,3,3,3,5,6,1,1,8
352:5,6,7,1,5,5,6,7,9,3,9,7,8,2,5,6,1,5,7,5,9,9,2,9,7,7,5,8,8,6
353:5,1,3,7,9,6,8,1,4,7,7,4,9,7,6,4,7,3,8,8,3,5,8,4,8,9,3,8,2,9
354:1,5,2,1,2,6,9,5,6,6,2,5,4,8,8,9,9,1,7,1,1,7,1,7,7,1,2,9,9,6
355:3,8,4,3,9,6,1,4,9,4,8,5,4,3,3,9,8,3,5,3,4,1,4,7,4,4,3,4,6,1
356:5,5,5,4,7,8,8,8,5,3,6,8,1,3,7,9,4,5,7,2,6,5,1,7,7,9,8,4,2,9
357:3,2,4,4,5,5,1,2,7,7,7,9,7,8,2,1,8,5,8,4,5,7,9,2,8,2,8,7,8,8
358:9,1,7,5,4,5,8,6,5,9,9,6,4,8,3,6,3,2,3,7,8,7,1,6,6,3,8,4,7,7
359:7,8,7,7,8,2,1,4,5,4,8,5,3,4,6,2,2,5,2,4,1,1,4,5,1,7,9,4,7,6
360:8,8,3,1,7,2,9,4,1,7,3,4,2,7,2,6,2,2,2,8,2,4,2,5,4,3,8,4,9,7
361:4,7,3,4,3,5,3,5,1,6,3,9,7,1,4,5,4,5,4,7,7,8,2,1,1,8,8,2,6,6
362:2,6,9,9,7,3,2,1,1,3,8,1,5,1,4,5,7,3,6,9,4,3,2,2,3,9,2,5,1,7
363:6,5,3,8,1,9,6,2,8,4,1,3,3,7,7,2,7,7,7,8,3,9,3,3,3,5,6,1,1,7
364:2,4,9,1,9,1,9,6,8,3,3,7,8,4,7,1,1,3,8,6,3,5,9,2,1,5,2,2,5,9
365:8,2,5,6,2,9,9,4,7,8,5,2,5,8,8,6,4,8,5,8,8,3,8,2,8,4,6,3,3,5
366:5,8,6,7,4,7,2,7,3,1,6,4,6,3,2,6,1,5,8,8,1,4,8,1,3,6,8,6,8,5
367:7,8,2,1,5,2,7,6,9,4,2,9,9,2,8,7,5,1,5,7,2,6,5,3,1,7,1,8,6,9
368:1,6,8,6,3,8,9,4,4,8,2,1,9,3,8,1,8,5,9,1,3,6,2,4,3,6,2,6,6,3
369:7,8,7,7,8,2,1,4,5,4,8,5,3,4,6,2,2,5,2,4,1,1,4,5,1,7,9,4,7,2
370:8,9,2,8,2,9,2,1,6,9,8,4,9,5,6,3,7,1,7,8,9,5,8,6,9,4,1,8,5,1
371:1,3,5,5,6,8,9,4,6,6,8,2,6,7,9,3,5,6,3,8,6,1,2,8,7,1,2,5,1,3
372:4,2,5,3,5,3,3,1,4,2,1,5,9,1,7,2,6,2,3,4,8,4,9,4,5,4,5,3,5,9
373:8,3,8,6,8,9,3,3,3,6,9,6,6,8,9,8,4,1,6,3,5,6,6,8,4,2,8,5,1,2
374:4,1,2,1,8,9,3,5,3,6,6,7,5,8,7,2,4,8,4,7,6,3,8,1,6,2,9,8,4,3
375:9,8,6,9,9,9,7,5,6,6,5,9,9,8,6,6,9,4,1,9,4,6,4,5,5,3,4,6,3,1
376:6,7,5,4,3,6,9,7,2,8,5,6,1,7,6,1,1,7,5,5,2,1,8,6,9,7,4,4,8,5
377:9,7,7,7,1,5,5,8,6,6,4,9,2,4,4,3,5,3,3,4,8,6,7,2,3,6,4,2,2,7
378:6,5,4,2,8,3,9,9,3,6,1,3,5,7,4,1,4,8,8,9,3,9,1,1,9,4,8,6,1,2
379:3,6,9,8,4,4,2,3,9,8,9,8,8,8,8,7,9,3,3,9,2,9,2,9,7,1,8,9,8,8
380:5,8,8,9,9,9,6,4,7,6,2,9,7,9,9,5,1,3,2,2,6,9,4,5,9,7,4,8,2,3
381:4,1,1,3,7,1,1,9,5,3,8,2,7,1,2,4,3,4,5,7,5,1,9,6,8,2,8,2,7,9
382:6,7,6,3,1,5,2,6,9,8,3,2,6,6,4,7,9,1,5,9,3,9,4,5,3,8,4,3,5,2
383:7,3,4,4,4,8,2,1,1,1,4,5,2,8,5,3,4,3,8,5,9,2,6,7,7,1,2,9,3,5
384:1,8,7,9,6,1,4,5,6,4,6,9,1,8,4,3,7,7,9,7,6,9,5,9,7,3,7,8,1,6
385:3,2,8,7,1,4,5,9,8,9,9,6,7,7,1,3,8,8,2,6,8,6,3,9,2,5,7,1,1,8
386:3,3,2,7,4,5,2,7,9,8,1,4,8,8,5,9,5,8,4,5,3,6,5,3,9,5,2,2,6,5
387:3,2,8,7,1,4,5,9,8,9,9,6,7,7,1,3,8,8,2,6,8,6,3,9,2,5,7,1,1,5
388:9,2,4,2,8,5,2,1,5,8,1,3,2,8,1,6,2,4,1,1,3,3,6,1,4,9,2,7,8,1
389:5,1,3,7,9,6,8,1,4,5,7,4,9,7,6,4,7,3,8,8,3,5,8,4,8,9,3,8,2,7
390:8,4,4,3,5,8,5,2,1,1,5,8,7,9,7,2,4,4,2,2,3,7,8,6,2,2,4,9,5,4
391:5,1,2,7,3,2,9,1,3,9,4,2,1,1,9,1,2,5,3,4,7,5,6,5,3,4,6,8,2,7
392:5,4,4,7,9,9,3,8,8,6,6,6,4,8,9,7,5,7,1,3,9,8,1,8,7,8,4,1,2,4
393:7,2,5,9,8,8,9,4,1,1,7,1,3,2,3,5,9,5,8,4,7,4,6,5,9,5,5,9,9,7
394:8,2,9,5,8,6,1,4,1,8,5,9,4,6,4,1,9,9,7,5,2,3,2,8,8,6,3,9,2,1
395:7,3,4,4,4,8,2,1,1,8,4,5,2,8,5,3,4,3,8,5,9,2,6,7,7,1,2,9,3,5
396:2,5,2,3,3,7,9,2,6,8,5,1,9,9,8,5,1,9,3,6,8,9,9,8,1,1,5,6,8,4
397:4,4,1,6,2,2,2,1,2,9,4,3,2,6,7,1,7,4,2,2,5,7,4,3,2,7,5,2,9,2
398:6,5,3,8,1,9,6,2,8,4,1,3,3,7,7,8,7,7,7,8,3,9,3,3,3,5,6,1,1,7
399:9,6,7,6,3,9,2,6,3,4,3,4,5,4,5,4,4,3,8,8,2,9,6,5,5,5,7,5,1,3
400:9,5,5,7,8,9,9,3,2,4,1,8,4,7,7,5,3,8,9,6,7,6,5,7,4,8,7,6,6,3
401:9,2,7,1,7,3,1,8,8,5,1,7,3,9,7,8,6,5,3,8,8,7,9,3,2,3,6,8,6,3
402:8,5,9,8,7,6,8,6,9,5,6,1,9,7,8,6,4,5,2,1,2,1,4,5,7,9,9,4,9,1
403:3,7,1,9,2,1,6,6,7,1,5,4,3,2,3,9,6,6,3,3,2,4,9,8,8,4,9,8,4,2
404:7,2,6,8,6,7,8,8,9,2,3,7,2,3,8,9,5,1,8,1,5,7,9,3,5,9,9,1,6,3
405:7,3,5,8,6,2,3,8,2,9,1,2,1,1,3,8,3,3,7,9,3,9,6,6,2,9,4,2,9,7
406:9,4,1,6,7,1,1,7,5,2,9,3,2,9,7,1,8,3,6,9,8,3,8,2,2,9,4,7,9,3
407:7,9,4,6,3,4,4,6,8,7,7,4,5,3,9,1,3,9,7,2,8,3,1,4,1,8,4,9,5,3
408:9,5,8,5,1,4,9,1,4,7,3,5,2,7,9,4,1,7,6,6,2,1,4,4,4,1,4,5,9,6
409:4,5,8,8,6,8,4,3,6,7,2,4,3,2,5,5,3,8,5,5,4,5,4,6,2,9,4,5,3,1
410:6,7,3,3,4,7,8,6,5,9,5,2,3,2,9,3,4,6,5,6,1,8,1,2,6,1,5,4,7,1
411:3,8,4,3,9,6,1,4,9,4,8,5,4,3,5,9,8,3,5,3,4,1,4,7,4,4,3,4,6,1
412:9,6,2,3,1,4,2,5,7,8,3,4,3,8,7,2,4,1,1,7,9,7,4,9,3,9,9,3,3,9
413:4,4,2,7,6,6,1,6,1,5,7,3,5,6,7,8,8,1,8,4,6,7,9,6,2,7,7,3,2,1
414:6,1,6,9,9,9,7,3,3,9,2,1,7,2,4,2,9,6,3,4,5,6,3,9,6,4,6,5,9,6
415:3,2,4,6,1,7,4,1,4,3,3,3,9,1,8,8,3,6,6,2,9,5,5,9,3,2,4,8,6,5
416:5,4,2,7,7,1,4,1,3,1,8,7,1,7,5,9,4,4,7,7,6,5,5,7,5,7,5,1,7,5
417:3,4,9,3,7,1,4,8,8,5,3,5,8,8,1,5,3,6,7,7,2,9,1,5,7,7,2,6,2,3
418:3,5,9,9,3,1,4,4,7,9,8,9,8,8,3,7,6,2,8,5,7,9,3,1,2,2,3,7,6,2
419:6,5,6,8,7,2,7,4,3,1,7,6,9,2,8,6,1,2,5,4,1,1,7,3,1,4,5,6,7,9
420:8,9,5,3,9,2,7,6,2,8,2,1,2,3,7,9,7,8,4,4,3,5,2,5,9,5,1,4,5,5
421:2,6,9,3,2,1,3,8,8,5,7,8,9,9,3,5,1,2,3,7,9,5,6,6,4,9,2,2,4,2
422:6,2,1,4,4,3,8,7,7,7,3,3,9,5,5,2,7,6,9,3,1,3,8,4,5,3,3,4,3,3
423:2,4,7,5,7,9,4,4,3,9,6,2,3,9,2,1,7,2,3,6,9,9,1,4,5,5,7,2,6,6
424:2,6,9,8,7,6,1,8,8,7,8,2,7,2,8,6,3,5,7,5,2,4,2,3,9,5,4,7,4,2
425:9,4,9,7,9,7,4,2,4,3,5,6,5,3,6,1,1,7,5,3,9,3,6,1,2,7,2,7,8,3
426:5,5,3,8,5,6,1,8,1,5,6,7,4,1,3,1,7,6,9,5,4,3,8,7,4,7,5,8,4,8
427:9,1,6,5,1,9,5,6,9,3,9,5,6,5,8,1,2,8,4,7,9,4,7,7,9,7,9,1,1,1
428:6,7,3,3,5,2,7,7,6,7,7,3,5,9,8,2,4,7,3,4,2,6,4,8,5,5,2,3,6,3
429:7,6,7,2,4,2,4,4,3,6,3,4,7,7,9,5,5,1,3,2,1,2,2,8,3,6,4,5,8,8
430:4,9,7,9,2,4,3,3,5,2,3,4,5,3,4,8,4,1,5,5,7,6,1,9,8,7,7,6,7,1
431:5,1,8,2,6,2,9,7,4,7,8,6,1,1,9,8,3,5,3,4,9,3,4,1,6,3,1,5,6,7
432:4,8,3,8,7,7,8,2,5,4,2,8,1,1,4,8,5,3,1,4,4,9,8,1,7,2,5,1,8,7
433:6,7,3,3,4,7,8,6,5,9,5,2,3,8,9,3,4,6,5,6,1,8,1,2,6,1,5,4,7,1
434:7,5,7,9,9,3,7,4,8,9,1,8,1,5,7,8,5,6,7,1,2,8,7,5,8,7,1,2,2,7
435:5,7,3,1,9,4,2,8,7,4,5,4,7,2,1,3,2,1,3,1,4,4,8,9,3,8,9,5,2,7
436:9,6,7,6,3,9,2,6,3,4,3,4,5,4,2,4,4,3,8,8,2,9,6,5,5,5,7,5,1,2
437:5,8,8,9,9,9,6,4,7,6,2,9,7,9,9,5,1,3,2,2,6,9,4,5,9,7,4,8,2,3
438:3,1,2,2,7,6,5,3,5,3,8,6,2,4,7,3,6,1,3,5,2,4,6,6,6,3,9,4,2,6
439:1,5,3,9,7,5,8,2,6,1,4,2,1,5,2,9,3,2,1,1,5,2,1,3,2,1,4,6,9,7
440:3,5,9,9,3,1,4,4,7,9,8,9,6,8,3,7,6,2,8,5,7,9,3,1,2,2,3,7,6,2
441:3,1,4,4,9,8,7,9,9,9,5,5,3,7,8,9,2,3,9,7,2,4,4,1,4,9,8,9,1,2
442:4,6,7,2,1,7,9,3,8,5,1,1,4,6,9,8,9,8,9,3,6,9,6,6,6,2,5,5,7,4
443:5,3,9,4,2,1,3,9,4,3,4,6,4,6,6,4,7,2,2,1,3,7,5,6,5,5,7,1,3,5
444:7,7,1,2,8,1,4,4,6,2,7,1,2,4,4,3,4,6,7,6,1,7,9,6,7,2,4,7,6,5
445:1,3,9,7,1,3,2,3,8,3,6,7,5,1,6,2,3,6,2,2,1,1,1,5,7,2,1,6,6,2
446:3,2,6,1,4,9,1,1,4,5,9,3,4,6,8,4,6,9,9,8,4,2,2,5,7,6,3,9,7,6
447:1,1,1,8,5,5,3,9,6,9,1,4,1,2,6,6,4,9,6,3,6,4,8,7,2,9,6,7,3,3
448:4,7,8,3,3,8,9,2,8,4,6,2,3,1,7,4,2,7,5,1,3,6,4,9,9,4,4,2,1,7
449:7,8,2,1,5,2,7,6,9,4,2,9,9,2,8,5,5,1,5,7,2,6,5,3,1,7,1,8,6,6
450:9,8,6,9,9,9,7,5,6,6,5,9,9,8,6,6,9,4,1,9,4,6,4,5,5,3,4,6,3,4
451:1,1,1,9,9,4,4,3,3,2,2,7,9,4,7,3,3,9,2,6,8,5,3,7,6,6,9,6,6,1
452:5,2,5,1,7,1,5,5,9,6,9,3,8,3,1,1,5,7,3,4,1,9,1,7,4,3,5,9,6,8
453:8,2,9,5,8,6,1,4,1,6,5,9,4,6,4,1,9,9,7,5,2,3,2,8,8,6,3,9,2,1
454:2,3,4,9,3,7,1,2,9,5,8,9,8,1,2,1,6,7,6,7,7,1,9,5,5,5,7,6,8,5
455:5,2,8,6,7,8,4,8,8,3,3,8,8,7,1,1,8,2,6,6,6,1,9,9,1,2,7,1,7,2
456:5,2,5,6,7,5,7,6,5,8,6,7,2,3,9,5,3,7,3,8,4,5,8,4,5,1,9,8,7,3
457:5,2,7,7,8,3,2,5,4,5,2,2,3,3,8,4,1,4,7,1,2,1,8,5,4,2,2,3,5,4
458:2,6,9,9,7,3,2,1,1,3,8,3,5,1,4,5,7,3,6,9,4,3,2,2,3,9,2,5,1,7
459:2,1,3,7,1,3,3,3,3,2,8,9,4,2,9,6,3,8,2,4,8,5,5,8,7,9,5,8,7,1
460:3,7,1,9,2,1,6,6,7,1,5,4,3,2,3,9,6,6,3,3,2,7,9,8,8,4,9,8,4,2
461:4,7,3,4,3,5,3,5,1,6,3,9,7,1,4,5,4,5,4,7,7,8,2,6,1,8,8,2,6,1
462:8,6,7,5,6,5,2,4,4,1,3,8,2,2,8,9,3,6,3,3,8,3,1,7,8,5,1,7,8,6
463:3,2,4,4,5,5,1,5,7,7,7,9,7,8,2,1,8,5,8,4,5,7,9,2,8,2,8,7,8,8
464:5,1,8,1,4,5,3,5,5,4,9,3,5,7,5,4,6,1,7,8,8,9,5,3,8,5,1,5,5,8
465:1,1,1,9,9,4,4,3,3,2,2,7,9,4,7,3,3,9,2,6,8,5,3,7,8,6,9,6,6,5
466:6,2,2,2,8,8,8,5,7,5,4,2,9,9,5,5,8,8,2,7,9,5,2,9,8,2,3,1,6,2
467:5,9,6,4,9,6,2,1,3,8,3,7,4,8,7,9,4,7,4,8,8,3,8,8,9,8,7,7,6,7
468:5,8,2,1,9,7,7,7,9,7,7,4,5,5,9,9,7,7,3,6,7,1,7,7,4,6,3,8,2,2
469:4,9,7,9,2,4,3,3,5,2,3,4,5,3,4,8,4,1,5,5,7,6,1,9,8,7,7,6,7,4
470:5,5,3,3,2,7,5,6,5,4,4,2,3,1,5,7,8,9,4,8,5,2,2,1,4,3,4,4,4,2
471:8,9,2,8,2,9,2,1,6,9,8,4,9,5,6,3,7,1,7,8,9,5,8,6,9,4,1,8,5,2
472:2,8,2,9,6,7,5,6,6,3,3,3,3,6,6,7,2,5,6,3,8,5,2,3,2,8,1,9,5,7
473:6,3,2,6,6,5,8,2,6,5,9,6,6,5,2,6,3,5,4,4,7,6,7,8,3,6,7,9,3,9
474:4,5,7,2,2,5,2,5,9,1,3,1,2,4,5,4,3,2,4,7,4,8,6,9,3,7,1,2,5,4
475:4,8,4,9,2,8,9,3,9,3,5,9,1,9,9,8,9,2,4,9,8,7,3,1,6,9,2,2,3,7
476:2,4,9,1,9,1,9,6,8,3,3,7,8,4,7,1,1,3,8,6,3,5,9,2,1,5,2,2,5,7
477:9,8,8,6,5,8,5,7,5,8,8,1,5,8,1,9,8,4,9,3,1,3,6,4,9,1,1,6,8,9
478:4,2,2,9,2,8,8,4,2,4,7,1,4,8,7,5,5,7,3,2,1,4,6,4,5,3,9,4,7,2
479:3,3,9,2,6,6,4,1,2,7,4,7,5,3,3,4,6,1,2,2,6,6,7,8,8,7,4,8,8,1
480:9,5,4,4,1,7,6,2,3,5,2,5,7,5,1,5,4,3,1,5,3,1,2,6,2,6,7,6,7,7
481:9,6,5,5,8,5,3,1,2,5,8,1,7,9,8,8,3,4,4,7,1,3,8,7,8,8,9,5,9,6
482:8,8,6,4,1,5,7,1,8,8,4,9,6,9,3,6,3,5,9,2,8,3,8,7,4,8,8,5,3,6
483:8,8,6,4,1,5,7,1,8,5,4,9,6,9,3,6,3,5,9,2,8,3,8,7,4,8,8,5,3,5
484:1,8,1,1,8,6,8,7,5,9,6,8,5,6,3,8,7,2,4,1,5,3,3,5,1,6,7,9,9,8
485:2,3,8,4,8,6,2,3,5,8,5,9,7,4,7,2,9,1,5,9,8,5,1,6,8,7,4,8,7,3
486:8,6,3,1,6,5,7,2,7,9,5,7,9,4,9,9,3,7,5,2,8,6,5,7,3,6,8,2,5,2
487:5,2,8,8,7,3,8,5,4,1,5,5,8,4,9,1,7,5,5,3,6,6,1,7,5,5,8,4,5,6
488:4,1,3,1,9,2,5,6,8,4,1,2,4,6,2,6,8,8,7,5,1,7,6,8,1,8,1,3,1,2
489:2,8,2,9,6,7,5,6,6,3,3,3,3,6,6,7,2,5,6,3,8,5,2,3,2,8,1,9,5,3
490:4,5,7,2,2,5,2,5,9,6,3,1,2,4,5,4,3,2,4,7,4,8,6,9,3,7,1,2,5,4
491:6,1,6,9,9,9,7,3,3,9,2,1,7,2,4,2,9,6,3,4,5,6,3,9,6,4,6,5,9,6
492:2,7,6,9,6,3,8,6,4,1,1,1,9,3,9,1,8,8,6,4,6,5,9,3,2,3,2,2,3,1
493:2,9,4,6,3,4,4,6,8,7,7,4,5,3,9,1,3,9,7,2,8,3,1,4,1,8,4,9,5,3
494:2,1,1,2,7,5,3,2,9,7,4,4,8,9,2,6,8,1,1,6,8,8,2,5,1,7,6,5,6,7
495:8,6,5,5,9,7,4,3,3,4,8,6,4,1,5,8,7,9,9,7,6,9,3,6,9,7,5,3,6,2
496:5,8,6,8,3,5,7,4,1,5,8,7,4,5,2,2,8,6,5,8,3,5,5,7,5,9,9,2,1,8
497:1,1,3,4,7,2,4,6,3,7,6,2,6,8,5,2,8,3,3,7,1,4,2,9,2,3,8,9,7,2
498:2,1,1,8,2,4,5,6,7,8,9,9,1,5,4,8,7,4,4,2,5,4,7,3,1,8,2,9,6,1
499:8,6,4,8,6,4,4,5,3,2,2,7,4,7,1,4,4,4,7,4,7,8,5,7,4,9,2,3,2,6
500:9,1,7,5,4,5,8,6,5,9,9,6,4,8,3,6,3,2,3,7,8,7,1,6,6,3,8,4,7,2