24535238335175432418551115774243673163586147411131826587878867631315261676274612832344832481436413416
35212854375861141233684852715885761165681753766263856346347585814382775182214865421284744366237531226
66224113552386218154576568778175626524651435141457552525185655821426634718326728518834361777442222435
24321161772452853533463545336872246842783328873312566165764256418281732455532634844562454245254633853
51352444152617673115253626372444788472511761852318871214366743243738176478487258268252747881118721611
24143154758262547614687644864873557687215825437812661663336867877652628713451847483286672762383872138
44484154556856572873368777864541143276662587381365534625465166138866486344215232214288443148448578666
28512622544882745774743534868446886734175137581484366811632431445622213438271345122785511836178623118
68341533572242318754855716662184343763687154586651645212758322843846172473462633423348418252575312211
28551441828362573631866763532736235537775651124174685478186487547725363278845515581753625281453335872
65412132168774731635358377235675433173478662315237648333823747175211234837166631345663144234355582324
35685723316268857611313723467624783634526715996666894586655234767426847361615268358627531812364721862
68625542341177675383178213671387218284887964644455676655748558731386745562431612364618745722631244436
26617331618265275123866381837668745576657567545546859879549469858913638858736536645617426438434542742
31324855861415566558135535282173179884849457444444989444486747657458325783551757438342185786866714566
14777161442556464418446735584564648794548958677776684469575687479984691621382262357113122347284666177
88777836126416364626514161187765747596749944766898558486499964467676865675877683635837434615477236635
86777138751851332335836115336788756976978867449449947547955895556778869654642248745855478544412536452
46762254432288663461368283875797566756988594695676868848597995955544975459577163675631287666728377885
72727417551115774421656682768898757976869569446648798668554684845786458446443363544113726158767148561
54151551328561466476737277999997659658699475685497445977787448884855947776968288728388746454662565617
22185848523614854535827666667445844698695466885788557869576967696549544477559994867472577755262337534
82417676527358873542455468865498574889499698899998778969599888895494586869975948818515736528514156551
14756433886347851522549945485449878579778958889778776969694655897857954687479877651231875453478835186
85583628632348435243668669749595756888944799748894487569799776989675779774865686827668375844335722411
54677453632648412327796988497995866664487766587488966697875966799849456474568895957174388258372531276
33633417285472446116898779466859867588796586776586589867697458895866947798554994646631281356263433743
63885271327347184544674766769554579586949767895994655699654875787764484786589478985932526461151153625
76331232713133234748787896584694545594799968768784955874485768687478978766867687577754884483736648874
67666386482851488764745995668544466895674866997695656755967564686849575489679448657563512521832247464
35387528136538257848444477648654988945979479486897667944868658468888557756549655896768555135275588218
72538677173431878795856788487459688647946655599764985548994468997554459476686867868587317746175341638
31312553626873349467485678698585746796687695594548769994645856869584798647574884885678423673371832753
84888534485866575596668986697899645867594796564875454659984748697898868449644565844987712331431155235
78843778251624954594885658457699496878547786875678854848694756769546444889567877496985773517681543158
48152146817724676546588686499966855579845649946498587654674687849578767978667846476846752722422342835
72867212782815895478747959884476694899646595657565897776857446749674444856944545599897658177828115612
68578417584265778654769695874799957984747948894979494564989466849798444785987767797865945284278315334
81768356316127655589796959666669958656444755445485796789458447699964478497669744979864988713327227156
15233853618349458557789879947758996447559946857587489955586977745796544457754965594786598942484783321
63447616243548978958995666959856487574469966945779767866479564544665877794858757595867445961428818567
24168762726254994954577486876454596549969758667984657646687645775848575859499556877788485836614458116
52235472554348874756564849498987588687677695586468794566758455796877496448694744975677657882812541736
22526242824847864945475567748689487767545549897659785855685685669598495497986547458969565853581373538
46235713773466448688665579587577797467779857648799769978497797645875986688885869489774564942867273853
68811461582449778447659445587479776894576565969885444878677576747599856997589549659774569443814528712
25631744421457778946654775968996656468574988745674977688979499999999866758958446849575786586556823747
61548515857698575989595495467559944864454679754558587546544658897659564555664789466974756888153346241
81355554245577774867895447796984569467546784499557549556586774799955886784489988476798454553668622563
67764768126548498585499657695944654797888689964467587867646949878868598758858667989948875681431371126
85684335633569775949966455557478655669758597476686@96979886894555479869458596488967754768757765818432
46323445372597458454494844455596464867847847846949847959796688676754969498589758894945465894365867243
33765881125775995888465966889695698855564789467479547864967796477495756456649469695694477542826458421
61748572612964767464889474868766696684487455997666456866896846568879758446845568885697564686237357435
35223471343997845554747484488544857496967844946865889584654966754496846564565985676789974578485674556
37148228774846859958867869595795787655574844887448478769555698674567967777477584964575446574247853862
55537527217985879677666764794956856787787546676456795477885468766977899559554754654745667584515526565
72887317822699457668799685944888788786577474466959888488944794968576745655986665874847669598482863473
18353115876965746795985847689989898775486856794448889967548799946848568596584459898456878451768518642
55486371653144854887758599995548784758556846848986567855478878545687775879684669676757786633427341143
23573822341595954787774497755599775668955478868649458698496855749699968687649657595875978815275241657
46236575386677484658897495646949549776697657585445985694765749886556959549577868866958674967426568318
41888261554568944788467869456877467477495978784778955774777844594597886944648855859487648786688717657
38678775456578996945569486484786588966479688985498769978569989865797664587778468499484475475664878556
13731331375566648974756466984647544968645788458587497885589478577564848785585995755686569524334636252
55222736562668774449656446845798598955899788898795854544568545855795746695466668879795874177577434332
25472448427624796496494955896796674474676696758998849786478897978684485599769555855866772122865422417
21748867877442674779855788686958578699885679697698659648676875998846685948976867959974965177152866746
88816153855513885597778677877746597845966459947696857987857947744987548684785779846788961142221422577
31756138444558247957975576757994664656556655754899577796695779999795967685654969784775686243135568423
31113445818664268966968497647769548865897997989686454454544794668474965758565977985845324325448666626
14327574511233427865579544898546657875655865695556464666875749959447844976599586456988888521774234727
86226436584588568559464944777794468968479797849577589659964796478498457687499958865663478246638713826
14638257424246325558749458476885656954677546857559886448694894758496698444469965445742756123146688865
76138215113376215895998659579956889749789984968687488988547867745694697474855678697522313642861228844
12437657763378526168675457569779949845696478766574545487764799794469988485584495587361367337138857186
16488345526687363547545975575596587678469977979794457887944458967989899497676664876271487438812123788
16326658612811688687346468496749956499585598646569856457688577848469956647968549832225713277272885635
72633515768348474125784989974466584658578485687664896686945768767758556996774668614213618731787528375
23212854214235163561724766768779499549747475844547869979879954559778649544656666163364382368386265758
37718326681736823481351897478576665449996594957585446648775485449457554475877775813582371548373335632
46136483427836258671111676767897957446544989565445557784757775884959474868589262732862324371137138724
75775141372517534223111123947489979667577857654784749484445485889786577775974728482888437185477481374
85374745526745246844258228189487495566768479944596448948897457684576444666743772367122782842724238617
18854761562351754352483777588648949947657965948499557848795664684755798569843678185432645534132146733
57532612366851227756283535523658646478544955944968669647874949957894446588362125664344712335367244268
82678451824131814371168437551376557896966698495976696987858895579756566114366846726574688656728263617
74115613472323742633761335145775286684748955699748744556774766887488317625884732418338233622151664134
14863588833285634861721651237227841878456788645884796677674547675965338717284735417258165614683437158
12115234242462558527216265223544671673457967896694649864559464983886125658148414352582575466757467355
53875415544337176771614745435284551472547158768585496598487754774327336717562748857316241174473771475
81137832772252388276153216374478535326463661818127812576163185747216274712235747471628757738142412223
45312358466453851543248486363132141742828247678635168865537158211614551168815423115581281234562858217
15616218487528227364682716347328217675342163741372336171148587361721368263343272781565525134277766137
86351675836612666363623767381276657633622316675117237361711822753445164228733654856126351641351361162
17573585252368147175137756324162613762868888135428644765186543611688367433855354261166247477788441661
44426742582748651473335852437141133742662375761462213726585218411625842768665546612648763818425781762
16526835113584753788821457865378652717323175348352462431318861186538833667763578678124554437874244441
61113787583376641823772785362316463748488662651331671574453867133572782561856526223461263645757556435
32124428176712658181171123327387675442442171728721713668312648526867385135558487855324348832746531362
42634482585482154863112277732125414344321764366447121561837527827824735431327473113157742313765576651