7266694562282512158928898295655
2862981469694511421465341779854
8199949885572297599355813311455
1381974897139996532941814543232
8523159315692452669356981755391
4353813729427669976688325594639
7941128554158212388458729732799
9921446875647628218572257983459
8969965883488535797422796237964
2663929851621679284492864474245
1547718321586555293765985342776
9334424695956868612812444956187
4877464894261216138476317867391
9465992939344914759734554859312
8431422141864165339432954158714
258639861163433@686546981543742
2896148474526241383139399685536
5629456847758417673411362733879
6389213353149516745561971121319
4442698268726337716992898127125
3371281215359885385573877664772
5722498979415216412776551974537
3866118366576832567325966157522
1752687756136629342764335749846
5851894518973772476489687616135
1724629679761533669274399568318
1676592511997258875181144891398
4992192587516426119612684671673
8421942637116382544759679682459
8281646412868151864421532124323
1542722467521532546388532141784