4187821236
10953198479
24179703493
26761392013
52517266165
54936635489
57138996973
59981876503
76955744842
79220712290
95637174442
99374866307
150586091508
305492700493
320159232370
674982839175
847954530769
1322481024804
1356646958891
1439331901687
1530564366433
1556702506607
1706873452782
2099889725070
2323517268575
2411141410988
2432802223330
2521467105109
2574500747857
2588224361868
2599865586716
2661346815955
3025152172703
3073128733570
3173961429440
3231497370879
3299454384911
3361585649119
3469018795262
3563359641436
3858258133134
4132818542299
4181148556635
4468246235682
4617078883692
4618828636871
4721019083203
4851946766574
4901788637111
4938970304986
4940832347800
4979543231399
5154493503469
5209711135380
5292271563310
5299738947344
5332395434878
5436780891848
5547385512222
5740591495025
5752173792568
5819525991941
5838684011553
5886614193317
6095304211846
6244062645592
6388432452391
6618822567498
6821399485379
6852284970785
7143453105832
7162645322768
7212208270788
7488807273424
7498781701725
7515031688269
7564868448572
7712309718738
8017272656558
8193248033476
8260424818897
8279185620707
8285179517454
8302194626906
8325302798620
8383371539843
8478840675100
8521190751176
8595186713962
8622656598508
8658778555865
8680959118667
8755284592414
8770350914926
8968299382810
9139129242901
9374894064939
9779725949078
9786118556020
9821521483786
